1 3 2 39 39 2 1 6 7 46 24 13 4 21 24 8 7 23 17 25 22 26 9 18 16 24 18 22 28 15 29 27 27 29 30 28 29 29
6 4 39 7 3 2 2 5 4 1 31 6 39 34 26 17 6 21 10 24 21 18 2 3 6 16 1 33 25 9 33 21 13 24 24 21 32 18 2 7 20 14 33 20 8 10 22 22 30 22 29 30 29 27 22 28
6 38 3 5 42 5 1 8 32 31 37 33 11 19 24 34 15 34 33 34 22 31 4 17 11 13 18 8 24 23 17 30 16 13 30 27 29 30 30
4 34 31 2 2 1 9 1 33 7 18 21 15 18 21 11 26 34 24 34 15 21 9 25 17 18 19 13 25 15 21 22 23 30 30 27 29 29 30
1 10 38 37 2 9 3 8 4 3 2 1 37 2 20 16 3 6 9 39 24 24 21 37 24 31 1 13 13 18 10 19 10 15 8 39 45 24 7 3 7 24 18 33 17 13 17 26 17 22 27 26 28 28 47 30
1 4 12 10 38 1 41 39 9 9 21 24 34 15 21 16 11 26 18 22 34 16 22 26 20 30 22
2 12 2 6 3 39 2 12 10 10 21 7 23 34 11 24 11 45 21 9 24 21 19 15 13 2 9 21 16 16 26 16 46 29 29 36 15 29 36 19 30
1 3 3 38 1 13 1 13 10 6 24 3 8 24 7 18 9 8 10 9 33 45 10 16 9 11 18 16 27 27 30 30
3 3 1 2 38 10 4 39 38 1 3 9 32 31 7 15 25 26 21 15 11 18 32 16 39 17 22 1 34 18 13 26 2 41 1 17 18 18 34 38 21 25 11 25 22 22 19 30 23 28 30 28
12 4 38 46 6 38 4 37 1 24 10 24 7 24 19 11 8 10 18 46 21 25 38 5 21 11 18 9 16 26 5 24 17 25 14 16 15 16 15 20 16 22 16 28 28 29 27 28 30 29 30 28 36 28 27 30 27 35 27 21 30 28 36 15
3 3 4 1 1 1 13 1 24 2 8 39 33 15 11 11 9 15 21 24 18 17 7 37 20 16 10 26 21 23 29 22 16 29 15 46 29 30
44 1 30 4 20 2 1 42 4 38 4 4 11 8 4 1 13 1 7 31 22 25 41 33 25 25 10 10 5 25 2 25 2 21 38 13 34 39 25 18 2 21 26 11 11 26 15 21 22 14 29 28 29
31 39 1 4 2 31 31 2 2 39 21 31 43 13 9 24 2 16 9 24 2 21 40 25 25 16 21 17 22 21 8 33 19 26 17 7 15 26 26 29 26 19 19 28 28 30 28 29 28 27 26 1 19 28 16
4 5 4 12 3 4 38 43 4 10 32 21 33 39 1 10 8 9 24 21 17 41 9 24 17 8 11 24 20 7 24 22 22 26 25 22 26 22 12 29 27 29 35 28
9 2 6 26 2 4 2 33 10 10 26 10 26 41 11 10 16 37 16 15 21 26 15 17 39 22 24 25 23 22 43 17 25 14 29 27 29 30 28 36 29
1 40 5 1 38 2 3 32 2 1 8 21 17 9 22 21 22 16 16 21 17 8 11 17 22 11 32 21 20 21 26 20 14 12 20 30 28 27 22 28 29 28 45
1 1 3 3 2 1 2 6 31 13 23 9 25 8 25 17 33 2 6 20 8 21 16 39 17 21 10 11 15 36 16 21 22 11 30 28 12 30 27 36 30
4 1 3 41 1 1 6 10 4 7 18 21 20 5 13 24 21 7 20 24 17 39 19 24 22 15 23 16 16 1 22 12 30 30 29
3 2 2 4 7 9 40 34 34 7 3 34 18 7 7 18 11 16 8 45 34 18 7 26 19 25 32 13 38 7 25 25 26 29 27 29 12 36 27 27 30 36 29 29 10 29
6 38 3 5 12 5 33 8 34 39 43 16 24 18 24 33 5 8 13 16 21 39 32 22 15 11 18 12 22 20 21 22 22 29 16 29 12 36
1 37 1 9 4 12 1 33 38 19 39 33 31 32 22 18 16 21 3 33 15 9 34 16 15 43 39 25 31 15 8 25 11 9 16 18 17 16 16 43 26 31 25 15 21 29 28 30 28 27
37 38 39 8 4 3 11 11 15 10 34 16 24 7 18 24 18 2 22 9 1 16 16 21 22 15 12 22 28 22 30 30 28 29 35 36 29 30 36 30 29
45 3 11 10 3 4 38 3 21 32 47 25 17 17 26 17 10 26 16 24 24 44 22 29 12 18 26 23 17 30 30 30
46 4 38 2 4 2 40 1 2 31 2 24 2 8 9 18 16 3 14 21 21 10 1 1 21 1 1 25 1 18 21 46 10 16 33 25 3 40 17 32 17 10 8 39 24 22 12 29 24 27 23 36 29
4 6 3 4 1 3 38 1 1 1 3 38 4 31 4 6 13 1 18 2 24 2 24 34 34 1 10 13 11 4 21 5 39 34 25 2 17 15 34 24 20 1 11 15 3 15 16 24 19 15 12 36 28 36 28 36 19 47 28
32 3 2 2 5 6 38 3 2 3 1 6 25 6 10 21 4 1 34 12 9 16 33 8 10 13 15 15 20 18 11 25 25 8 24 20 17 24 16 10 9 7 38 21 18 18 18 17 24 16 28 29
4 2 4 2 1 3 12 3 1 3 4 17 31 3 24 33 11 18 18 37 21 7 24 24 13 6 33 11 13 40 15 13 24 20 8 13 21 24 8 16 15 33 17 9 17 24 25 22 12 29 36 27 30 28 29 13 36 40 28 28 10 36
3 1 3 1 2 1 3 2 1 34 10 25 10 11 10 11 21 7 7 10 25 21 39 32 34 13 24 24 15 12 26 10 23 33 33 24 2 9 17 21 34 21 39 6 17 9 22 38 28 29 28 30 36 36
41 2 1 3 37 1 38 7 31 2 4 8 32 42 17 11 26 40 32 7 8 24 21 39 3 10 33 22 1 15 17 25 7 25 42 11 21 17 4 21 22 25 13 22 15 10 22 21 20 6 36 29 28 27 29 19 30 36 30
38 38 4 3 2 4 1 5 33 38 2 7 24 2 1 24 18 32 8 11 18 22 25 18 24 15 7 18 22 10 24 25 22 7 15 26 25 7 24 39 2 33 24 21 15 26 22 18 21 36 27 13 35 36 28 27 19 28 28 30
5 2 2 40 46 1 42 8 21 32 24 32 10 9 24 35 16 16 16 15 12 18 16 17 17 16 14 15 20 42 29 28 30 28 28
3 38 4 2 23 4 1 41 7 39 13 8 2 17 34 10 13 15 34 8 5 46 24 24 8 19 35 15 9 25 32 39 25 22 20 26 15 16 23 22 16 27 30 29 29 29 30 29
33 1 9 4 32 38 2 33 45 18 7 17 7 33 8 18 22 20 21 16 22 25 16 22 23 14 23 17 28 30 30 29 36 27 18
3 39 4 31 11 1 21 3 2 33 1 39 17 8 15 33 39 21 9 7 1 2 35 8 1 33 10 11 1 17 41 32 21 12 16 22 26 22 20 15 30 23 28 30 29 29
1 4 12 4 4 38 3 33 7 1 33 32 16 26 33 9 13 7 1 2 23 23 15 21 13 16 34 24 24 1 26 17 19 10 21 15 34 18 33 34 17 33 15 45 25 15 21 28 28 30 29 27 35 28 28
5 2 34 45 3 2 44 45 1 31 2 11 9 10 8 38 2 24 24 16 24 22 8 21 5 39 9 24 7 16 22 22 22 22 25 15 22 20 28 30 27 28 30 30 28 36
2 4 2 3 33 9 38 14 21 17 1 10 15 10 18 14 18 7 19 4 7 26 7 26 7 17 17 16 21 13 17 23 18 28 19 27 36 30 29 29 47 27 30 19 25 27
2 32 3 3 33 6 33 7 18 24 31 21 9 20 17 8 16 18 15 16 19 28 22 23 11 36 12 27 36 36 28
9 2 6 44 38 1 6 2 24 34 16 17 7 9 11 9 8 7 7 25 21 46 22 26 22 26 20 26 17 16 22 27 30 36 30 30 28
2 4 4 2 1 1 7 4 18 10 43 11 17 37 24 15 10 38 15 14 31 11 21 24 17 16 21 17 18 22 18 19 16 28 27 28 30 29 36
44 3 39 2 8 31 39 2 10 24 7 4 31 31 8 9 41 13 8 37 25 6 9 21 24 8 16 17 18 33 22 21 11 21 25 9 24 16 24 33 39 39 37 26 24 22 28 29 26 19 28 28 28 19 30 29
2 3 45 1 4 38 10 1 5 24 2 21 1 2 24 33 17 15 24 10 8 25 22 10 25 24 2 43 3 15 42 17 21 44 25 22 16 16 7 25 13 13 8 17 16 19 30 27 36 30 36 30 27
1 38 3 12 1 6 38 4 1 2 10 7 10 7 1 24 24 10 21 25 21 22 33 11 16 2 25 9 33 17 10 26 8 38 11 15 26 17 17 21 21 25 22 21 26 15 27 29 30 30 36 29 36 27
1 1 11 2 2 33 7 1 1 18 8 25 13 13 18 18 41 10 34 10 7 21 11 26 39 18 33 7 21 16 25 8 16 22 20 26 26 22 36 28 30 28 23 36 30 29 36 28 30 29 29 27 16 28 46 19 28
38 6 3 31 2 38 1 2 4 4 8 43 35 13 24 24 3 22 22 24 26 9 15 11 7 16 10 15 25 16 20 7 18 35 16 7 16 34 18 36 25 42 30 23 15 22 30 29 29 29 28 28
1 5 38 2 3 4 1 32 2 21 11 34 34 21 22 22 33 21 16 32 18 4 25 10 22 33 7 37 21 25 8 22 19 20 29 29 30 36 28 29 29 29 36 40 27 29 29
38 4 1 2 3 4 33 2 32 21 2 22 11 18 9 33 15 7 16 21 20 11 24 21 1 11 34 21 25 31 17 22 33 16 3 18 10 21 22 16 15 24 22 36 28 30 30 29 27 28 29 30 30
1 38 1 31 2 1 44 11 21 11 19 9 18 2 34 1 21 7 17 17 3 21 2 20 17 15 21 1 15 22 20 27 27 30 30 30 29 29
1 2 2 1 9 38 4 1 24 3 10 9 32 17 24 21 8 24 24 15 10 13 8 10 46 13 8 2 6 34 39 24 17 25 15 19 16 25 2 18 23 27 20 28 22 30 29 29 36
2 39 2 2 40 38 13 4 24 10 26 10 12 40 7 9 17 16 33 13 42 25 19 20 23 23 25 12 15 40 36 22 20 27 29 28 36
5 2 4 46 32 44 8 33 7 21 17 25 9 22 21 10 11 10 8 24 27 18 15 2 14 25 25 16 26 20 22 22 19 30 29 27 29 30 30
3 2 3 33 38 9 2 4 24 7 7 10 32 18 11 18 21 24 10 25 9 22 25 26 5 43 14 10 25 22 22 22 26 28 28 27 27 29
2 39 2 12 4 4 18 8 7 24 16 21 26 13 4 18 10 43 24 32 32 21 1 13 17 25 25 22 28 22 30 19 36
2 45 3 1 3 3 1 10 39 9 2 8 24 22 1 17 15 23 24 18 26 18 46 34 15 7 12 46 26 22 24 21 17 16 15 29 20 40 29 36 29 29 29
2 1 41 23 38 3 8 39 39 9 41 10 33 9 34 38 7 41 2 15 21 40 21 33 21 10 13 28 16 22 23 12 28 22 30 30 27 35 28 16 29 29
1 5 37 2 3 2 2 10 38 4 10 16 11 20 39 21 46 7 1 1 2 10 11 15 3 17 24 33 26 20 7 21 26 29 27 29 29 27 30 27
2 5 37 3 2 2 38 17 4 33 8 10 34 33 34 1 22 11 1 9 23 17 18 13 9 21 25 21 18 10 16 22 27 29 14 27 36 29 29 30
1 33 3 2 1 1 8 7 11 40 21 24 10 19 13 25 7 8 20 21 16 15 12 26 2 12 2 14 30 30 30 29 29 28 36
38 2 46 38 33 10 9 24 21 34 7 21 31 13 22 9 10 25 3 16 33 24 22 22 29 23 6 22 36 29 28 36 36 36 36 19 36 27 29
3 31 33 1 38 45 39 3 38 8 6 34 8 25 8 1 34 2 9 26 14 17 34 24 10 1 16 1 22 25 9 31 25 25 26 7 32 31 21 14 8 10 15 17 24 33 24 12 15 30 29 27 35 28
5 3 38 3 41 3 2 2 3 9 38 9 8 24 39 16 24 33 10 43 24 24 42 18 21 25 18 31 42 10 24 22 11 15 21 17 16 20 27 12 29 29 30 30 30
5 5 2 3 37 39 2 9 15 7 11 21 10 9 24 25 8 32 39 11 8 17 25 20 10 24 15 22 17 23 20 36 28 28 27 30 28 46 4
4 2 44 3 31 1 9 2 2 21 34 4 12 10 10 9 1 24 9 22 25 6 25 24 7 8 21 32 5 33 4 15 37 33 21 22 23 14 40 25 26 17 15 17 35 26 29 28 20 27 28 28 20 30 28 30 27 40 28
45 2 32 6 32 2 38 25 9 1 17 42 9 46 7 9 11 17 42 18 7 21 10 18 15 19 22 10 22 30 28 28 36 29
3 4 4 46 34 24 3 9 2 4 1 5 32 23 2 24 2 3 3 37 25 38 24 31 24 8 11 1 9 8 42 20 7 9 34 39 2 25 4 33 32 10 25 5 21 22 21 26 25 22 28 12 29
31 1 38 34 2 13 38 1 32 6 3 8 9 32 43 21 21 16 21 14 25 8 10 10 29 24 24 17 9 26 25 15 25 15 24 18 18 26 32 26 17 1 31 22 22 22 30 30 29 29 29 29 29 35 30 23
2 2 6 2 1 3 1 6 2 23 11 10 34 15 33 45 1 8 39 1 24 39 21 34 24 10 11 8 9 38 1 16 22 24 12 12 27 36 27 36 30 36 29 29 29 30 15 36 30 21 27 11 29 30
2 2 1 44 2 2 32 44 9 21 33 22 22 16 26 7 11 21 11 35 21 21 24 33 7 8 33 43 7 22 25 26 36 27 30 22 28 29 36 27 47 27 29 29 28
44 5 2 3 2 3 4 9 1 46 10 18 18 10 34 21 25 18 7 24 15 6 24 21 24 31 11 24 33 22 9 25 21 24 43 31 16 17 34 21 25 21 34 35 8 23 21 29 29 29 28
39 34 12 3 3 3 37 26 39 9 2 20 33 34 15 15 24 25 18 24 11 17 21 26 21 17 23 15 26 12 22 27
4 38 1 38 3 37 1 34 1 13 8 8 3 1 8 9 9 10 39 21 3 38 8 38 11 21 34 21 2 16 9 32 25 42 14 10 1 39 38 9 10 18 11 43 25 25 21 24 14 12 29 29 28 30
1 1 2 1 8 4 38 3 3 33 4 4 10 7 13 17 22 3 9 43 22 3 2 32 17 37 25 8 33 7 25 16 23 41 25 21 34 4 24 34 8 23 24 25 22 39 15 25 26 28 28 28 28 36 27
2 8 12 4 3 1 1 1 7 32 16 24 35 21 15 39 24 22 18 16 39 21 18 39 43 19 17 34 40 25 30 29 23 28 29 28 28 29 30
45 44 8 3 39 4 45 7 1 31 10 24 9 32 34 8 24 18 10 21 24 21 38 18 16 25 33 10 22 13 15 21 16 41 9 11 21 17 43 7 15 8 8 22 33 15 18 14 28 30 30 29 28 28 27 27 27 5 19
24 4 38 8 26 2 44 2 1 31 24 21 32 9 13 11 10 8 10 18 34 9 9 13 34 11 39 38 11 18 31 21 19 14 18 22 40 12 22 28 30 27 28 30 30 36 30 47 29 47 27 30 29 28 27
2 39 31 18 31 41 1 38 2 46 42 1 17 37 34 20 3 39 8 7 22 10 43 13 7 10 22 10 9 2 18 38 33 23 22 8 11 8 22 15 17 21 26 6 26 42 17 22 18 30 36 28 27 28 29 29 29 35 25 6
2 4 1 41 2 31 2 9 11 3 16 8 7 18 16 9 16 38 21 20 24 26 9 19 26 23 17 21 15 23 22 28 36 36 29 23
1 3 3 3 3 4 2 1 2 2 4 8 3 2 2 9 21 33 7 21 13 7 2 10 3 25 25 31 24 41 22 11 43 10 2 7 9 7 19 26 24 10 4 32 2 34 3 15 23 23 30 27 29 36
4 38 38 33 39 4 5 2 42 11 25 25 7 39 2 16 25 10 3 38 39 13 32 9 33 24 22 24 32 7 16 10 14 12 22 21 23 19 17 14 25 30 29 28 30 27 36 29 28 36 36
2 1 3 1 1 2 2 39 25 11 38 24 24 10 22 24 34 11 11 43 19 20 8 31 22 7 3 25 16 16 16 26 24 12 12 27 12 36 30 29 30 22
1 31 2 45 3 13 38 38 7 34 24 2 7 11 2 34 11 10 24 7 39 25 11 18 17 11 8 9 15 13 18 40 26 30 15 16 30 30 36 27 30 28 28
39 38 33 12 2 6 44 2 46 11 8 21 16 7 34 8 26 15 23 42 24 32 15 39 21 8 17 25 21 38 9 16 27 40 21 30 28 30 30
45 2 12 2 2 1 12 18 1 9 34 2 10 25 4 10 17 8 7 21 10 21 18 34 16 32 32 26 39 32 21 4 9 22 31 12 16 17 7 22 25 15 20 30 36 30 30 36 28 4 30 28 27 30 28 27 34
33 2 2 4 6 41 34 38 2 18 8 20 43 15 34 46 41 17 18 25 21 22 26 24 25 29 16 14 44 24 12 23 26 28 28 27
38 38 2 6 2 4 3 24 1 32 11 25 42 24 3 32 13 7 34 7 2 17 8 26 15 15 9
2 4 10 6 38 2 5 1 11 34 1 21 34 10 3 3 7 18 8 13 41 6 9 10 25 1 15 13 15 17 15 18 22 44 28 24 3 28 36 27 28 29 29 36 47
4 1 31 3 3 1 39 1 38 21 9 10 21 26 32 11 24 22 18 22 39 21 32 11 4 25 21 16 17 18 38 35 21 22 11 22 27 19 28 29 29 27 29 29 29 29 27 22 27 28
37 6 3 4 33 37 1 3 4 7 25 18 9 21 33 39 8 8 7 25 13 24 7 17 34 25 21 26 22 15 22 15 27 28 27 29 27 22 27 29 29 28 30 10 27
2 1 31 3 5 1 24 39 25 32 3 42 32 27 16 18 22 24 1 17 17 18 25 8 25 19 24 26 22 22 27 36 27 30 28 27 30 28 30 30 47 29
1 4 4 1 2 40 39 31 4 5 21 1 21 32 21 18 9 2 35 21 1 23 23 25 25 22 15 35 9 19 39 20 25 29 29 30 30 29 36 30 29 36
4 3 34 38 44 4 4 12 3 21 32 24 7 21 8 43 10 38 2 18 15 16 25 11 10 9 39 10 11 46 33 18 10 13 15 13 2 10 35 24 22 17 22 26 14 26 26 28 36 28 36 29
3 2 37 4 43 3 9 3 8 16 33 21 39 11 1 1 15 10 22 21 9 15 31 32 19 11 7 20 12 21 13 24 37 20 16 26 22 6 30 44 30 29 30 36 28 30 14
2 8 4 4 2 1 4 2 38 18 8 39 17 9 4 2 6 33 16 6 10 21 10 26 34 25 42 32 32 2 11 38 15 14 39 18 11 12 39 10 38 32 25 18 9 13 23 22 1 28 29 28 30 19 16
44 4 32 38 32 1 14 4 34 10 23 18 33 7 24 18 10 43 9 9 9 25 13 1 41 16 8 33 24 21 19 25 34 4 4 21 17 38 8 32 11 22 39 4 7 16 16 22 20 12 22 30 28 16 28 28 42 19 24
31 9 39 3 5 3 14 12 7 42 24 9 17 32 25 11 19 7 1 18 8 16 10 17 23 26 11 33 43 24 22 11 18 22 22 21 15 29 27 29 12 30 28 29 28 29
1 38 9 1 4 34 38 4 31 8 31 1 1 10 16 1 11 10 15 24 8 10 1 24 41 46 18 4 25 7 25 31 17 43 21 23 33 39 16 24 16 26 34 21 33 25 12 15 15 17 26
8 7 1 5 10 1 1 2 1 39 34 12 1 15 9 24 17 3 34 11 18 15 27 25 17 32 7 22 10 8 8 18 22 14 26 21 12 29 26 28 30 29 26 29 29 30 28 29
39 37 2 31 5 4 8 37 8 7 10 34 32 18 21 10 14 10 8 31 8 17 17 10 15 7 18 10 16 24 22 16 26 12 28 20 28 27 29 27 30 44 29 29 28
3 5 4 4 34 3 4 13 34 9 21 35 34 43 25 26 18 6 21 24 3 25 22 22 1 20 18 18 15 29 14 30 43 28 36 29 30 29 27 12 29 31 22 30 30
1 1 12 3 31 31 8 38 31 18 15 2 18 7 38 21 9 23 15 10 40 18 26 21 24 41 11 18 24 25 14 22 12 36 28 28 30 30
2 4 38 1 39 41 2 3 8 24 25 10 32 15 9 1 39 9 33 24 15 10 10 39 26 17 17 44 21 24 25 14 22 20 20 30 27 15 30
1 10 2 28 4 2 4 2 4 38 32 2 2 9 8 15 39 21 8 24 1 21 9 1 17 24 9 41 10 11 21 1 11 24 22 25 40 17 15 21 4 11 25 22 25 7 16 32 17 27 28 29 28 36
1 14 2 9 8 4 9 8 24 8 25 2 34 8 21 16 12 22 32 13 41 18 11 20 12 31 1 11 15 16 16 26 30 29 29 27 27 29 29 29 29 47 36 19 35 36 36
3 2 2 2 3 2 3 5 8 1 4 2 21 10 40 44 8 16 16 3 20 33 16 9 32 9 18 22 22 21 22 25 28 20 28 28 12 29 36 36 23 27 29 30 27 30 30
5 3 1 4 4 39 3 24 13 25 1 26 13 24 43 39 8 4 7 17 18 18 2 3 33 18 17 17 16 16 26 26 29 17 28 27
3 2 2 3 4 8 2 1 41 2 8 13 15 13 9 10 8 33 18 15 18 6 13 10 23 32 9 3 16 15 9 21 7 31 32 24 9 22 38 15 22 18 17 31 10 39 35 22 16 28 28 29 43 12 6 27 42 36 20 27
34 31 4 4 41 2 5 2 6 10 10 6 32 25 22 6 33 8 8 15 10 39 15 24 34 24 31 21 8 8 24 26 11 17 7 46 30 9 22 27 22 36 15 16 28 36 30 30 22 29 28
26 1 11 2 5 45 1 2 4 7 22 6 43 39 25 10 8 21 25 9 34 26 1 42 39 18 25 33 33 8 22 25 21 22 23 26 22 22 22 30 30 29 19 28 29 30 29 29 28 28
31 31 4 3 2 4 3 8 4 18 1 6 22 13 31 18 15 18 8 39 10 1 16 6 3 4 25 6 22 5 12 12 30 23 36 29 29 28 36 27
6 32 6 2 2 24 31 2 39 3 1 15 31 34 9 16 37 12 13 22 2 11 16 13 32 25 25 32 18 33 24 24 17 25 24 26 2 7 24 11 16 15 9 10 18 15 24 26 26 12 22
4 38 6 3 5 2 15 2 9 32 21 9 7 23 9 25 25 35 16 9 11 25 24 18 16 17 13 42 25 16 16 21 13 22 14 36 12 36 12 29 36 14 30 28 27 7
31 5 3 41 10 32 2 3 41 13 1 31 18 25 1 41 32 9 26 17 25 1 18 34 9 10 13 6 24 25 17 21 25 22 27 27 30 28 36 27 28 30 27
1 45 5 1 5 3 1 4 4 24 10 13 8 39 8 9 33 9 4 21 10 43 2 10 33 10 33 21 10 15 4 9 24 41 10 25 17 33 35 46 32 18 31 18 8 15 11 22 26 18 29 28 29
2 6 10 5 2 4 9 8 25 1 15 31 32 13 4 3 18 24 24 11 34 10 18 18 25 26 15 24 21 25 18 16 18 36 15 28 27 12 28 29 29 30
3 3 2 1 2 9 14 7 6 8 33 25 40 23 17 18 41 11 46 18 39 9 37 7 24 8 18 16 15 16 29 16 23 15 36 27 18
3 4 2 4 3 2 8 15 3 11 25 21 8 21 11 24 7 24 31 17 18 18 21 43 24 40 18 15 26 12 17 36 28 28 36 29 29
5 2 2 1 5 3 2 1 1 39 1 26 3 24 4 16 31 18 25 16 2 21 40 26 24 24 24 10 1 10 46 16 24 2 10 25 21 26 25 7 16 18 3 39 18 13 22 22 29 29 29 30 28
4 3 37 2 37 4 45 37 3 8 5 9 38 3 2 21 15 23 7 21 7 21 10 20 2 7 21 14 13 13 41 15 32 18 16 7 21 13 10 24 24 10 1 9 16 3 25 14 22 30 23 23
2 24 5 38 38 3 1 37 3 2 37 33 18 24 15 42 21 22 21 41 11 11 24 33 9 9 11 39 3 21 21 3 25 17 38 17 33 24 11 22 26 23 16 17 27 27 29 29 27 29 29 28
42 38 3 1 4 2 2 13 32 15 8 26 18 33 8 21 4 7 9 26 11 25 14 25 13 21 12 16 16 12 16 29 28 29 29 29 30 36 36 28 29 25 13 28 22 28 30 21 3 36 29 24 30 47 30
2 2 8 34 46 37 4 1 41 3 3 10 3 8 11 33 10 21 38 24 9 34 4 39 13 9 24 10 11 8 10 16 8 25 24 24 24 3 24 4 11 24 9 15 39 9 22 21 27 12 22 28 29 29 29 27
2 2 8 4 3 37 1 13 3 34 8 1 8 18 25 42 8 8 42 9 17 8 33 21 11 25 33 22 16 21 12 25 35 33 20 20 25 36 27 29 28 36
8 6 45 2 32 4 2 2 9 33 34 33 25 32 21 24 41 13 31 7 10 7 20 15 33 24 20 8 18 16 21 26 21 16 27 30 29 27 30 27 29
3 5 4 44 5 4 2 38 3 10 38 2 3 3 4 43 7 3 8 44 9 22 10 22 33 32 6 37 15 39 10 32 21 13 21 9 24 24 32 10 10 38 4 39 26 10 9 40 26 30 19 30 29 40 30 36
1 31 1 1 1 4 10 14 1 10 16 32 10 24 9 7 9 25 2 12 11 3 25 25 22 46 21 20 16 17 16 12 27 29 30 30 27 36 30
34 13 38 34 38 1 9 21 3 1 31 2 8 2 7 8 39 9 34 32 39 39 39 39 10 31 32 25 24 10 4 25 9 34 21 18 32 32 18 18 18 32 39 24 31 21 14 22 39 22 29 29 29 30
39 31 1 4 38 1 4 4 12 21 7 25 15 3 41 18 33 24 9 17 23 13 9 14 25 11 16 43 7 39 21 8 33 25 14 20 15 15 12 12 27 27 29 28 30 30
3 4 3 26 38 1 38 3 38 21 21 9 37 16 11 9 1 21 39 8 24 39 17 11 21 8 22 9 24 3 4 17 15 46 19 26 22 29 30 29 28 16 28 36 27
1 12 5 41 3 2 2 38 4 2 24 40 9 23 1 21 39 35 26 1 9 16 24 6 24 33 11 8 26 32 9 22 18 7 16 18 21 17 15 16 24 31 7 26 23 29 20 29 29 29 29 30 29 29 6 27
38 33 1 4 45 4 39 2 37 15 8 10 3 15 2 25 19 8 16 24 6 21 35 5 24 18 17 19 24 26 10 15 15 22 25 30 26 29 30 27 29 27 28
4 38 12 9 6 4 38 2 20 3 23 1 8 34 1 3 41 21 9 44 35 21 8 9 7 22 38 25 40 18 25 10 8 7 44 25 43 21 10 11 7 11 25 31 9 34 15 18 23 22 20 30
3 38 38 1 13 10 2 44 7 32 7 24 33 25 24 10 25 8 20 39 31 19 25 23 8 16 38 25 12 27 17 16 36 29
4 2 5 4 1 4 3 2 9 3 38 4 9 20 42 10 26 1 1 10 25 39 43 16 10 3 10 13 2 2 24 38 8 24 16 17 7 24 7 25 33 7 10 18 26 10 18 17 21 20 30 30 30 28
34 44 4 6 3 37 9 39 34 1 25 7 9 13 21 8 24 24 2 5 16 18 24 22 8 1 23 23 23 8 36
31 31 3 42 37 3 2 41 4 2 6 7 31 21 39 34 1 2 8 9 15 10 25 12 7 16 15 8 15 18 10 13 13 1 8 39 31 15 7 9 34 25 8 13 17 16 25 21 27 23 29 29 28
3 2 4 2 37 38 1 3 33 8 13 8 16 9 1 10 24 35 16 8 24 22 26 18 21 37 46 25 21 16 21 15 16 22 28 27 27 36 36 36 30 27 27 29 29 35
44 2 2 31 38 4 4 1 1 38 41 2 33 22 10 1 24 7 15 7 7 18 8 46 24 34 24 8 10 34 9 45 25 9 10 2 8 21 40 5 31 8 24 25 21 16 15 24 29 22 16 28 28
2 1 38 3 38 38 33 8 37 9 24 23 21 8 15 9 22 14 26 21 11 10 17 21 24 13 28 15 40 22 16 22 36 30 29
18 2 10 5 2 1 4 11 18 3 33 26 41 34 11 25 13 15 12 17 21 16 22 39 17 40 4 21 12 22 29 28 23 28 28 29 29 27 17 41 30 30 27 28 36 30 41 36 30 42
6 3 3 45 31 2 1 1 1 31 2 1 43 33 34 8 2 38 33 7 22 17 21 26 1 41 7 15 9 24 31 7 25 8 32 15 1 17 23 19 18 16 43 24 34 21 8 26 15 28 30 28 36 36 36 36 36 28 47 28 27 29 46
41 38 1 4 2 1 6 10 34 31 39 39 33 25 24 34 17 11 25 1 33 16 16 3 31 21 39 18 21 3 25 36 27 16 29 27 29 20 36 43 44 29 30 28
3 38 4 34 4 45 33 44 17 17 25 11 23 18 34 3 43 11 34 9 25 9 4 11 16 15 25 27 22 12 20 29 26 29 36 28 29 28 36
31 2 2 45 4 3 13 4 7 33 9 21 10 34 10 25 24 9 40 34 25 25 7 31 11 21 1 9 37 17 9 35 33 11 10 20 18 46 16 24 25 18 18 19 25 14 36 17 36 36 30 36 29 29
1 3 4 3 38 3 38 14 1 15 21 24 31 11 7 31 43 2 21 24 21 26 17 10 37 8 18 22 13 39 21 21 17 26 37 26 2 22 22 43 30 17 22 29 36 29 29 36 30 30
6 2 5 2 3 44 1 41 18 10 10 7 21 15 16 15 17 18 1 32 21 2 24 46 9 21 11 21 32 33 9 22 24 17 15 21 19 23 28 36 29 30 30 27 28 29
1 1 31 3 2 2 2 2 1 33 24 14 1 23 11 21 8 39 15 21 21 32 19 42 33 8 26 15 26 16 25 18 26 16 29 29 36 28 30 28
33 2 3 2 5 1 44 1 8 1 25 42 13 7 30 9 1 15 21 33 7 11 21 21 17 16 43 31 7 24 18 23 15 16 14 13 9 25 23 22 25 17 30 36 30 36 28 30 27 36 29 27 35 30 23 27 29 36 17 29 43 17
4 15 5 2 4 24 34 44 10 37 1 9 35 17 16 21 11 11 16 14 18 16 18 17 14 4 25 15 1 12 22 25 28 12 28 12 29 30 19 28 29 36
2 38 2 4 10 2 41 6 1 24 8 32 22 21 9 25 13 1 21 21 8 16 18 18 25 26 22 17 21 20 25 22 22 12 30 29 27 30 29 36 36 29 29
3 46 3 4 38 1 8 31 3 13 38 32 15 38 1 17 16 39 7 38 37 21 6 4 25 7 22 18 7 45 24 11 13 2 5 39 15 16 8 15 19 10 1 18 23 46 17 17 16 27 22 28
42 2 44 2 1 1 1 1 9 2 6 33 26 38 18 18 18 17 39 10 21 42 38 16 24 8 7 18 21 35 10 21 22 16 27 22 27 27 27 29 25 30 30 30
20 4 34 37 2 4 38 38 21 1 2 11 17 18 27 10 25 34 10 7 35 23 23 25 34 25 21 20 21 11 17 18 21 4 26 22 17 12 14 20 17 30 22 27 30 30
37 3 38 3 3 15 12 7 41 39 13 15 22 21 18 21 7 18 10 21 39 31 10 8 26 8 8 37 11 10 1 1 1 34 14 14 24 38 8 7 10 32 33 22 21 18 22 25 22 20 29 30
33 21 3 1 3 3 2 38 3 34 31 3 21 20 4 32 20 38 14 3 24 32 8 39 7 8 2 8 21 34 3 26 24 15 40 18 21 22 7 7 11 11 9 11 15 33 15 21 13 12 29 28 38 28 19
38 38 4 31 37 1 4 31 31 9 9 21 7 12 25 15 21 25 17 39 16 24 34 10 15 22 22 22 26 19 40 30 22 25 28 29 28 27 28 7 36
38 3 37 3 1 39 4 4 32 2 38 9 7 3 41 7 37 17 24 7 39 9 4 9 1 42 22 3 41 17 33 15 21 10 33 24 34 14 24 16 13 8 21 21 21 24 19 20 15 22 27 19 29 28 22 27
38 3 2 38 12 1 34 33 46 17 39 7 20 32 33 15 19 18 18 18 22 18 41 12 15 22 22 18 16 22 30 16 28 27 36 29 30
4 38 23 3 1 33 4 38 40 15 6 10 39 8 9 31 2 2 4 24 33 22 18 7 24 17 46 9 8 34 24 22 10 22 18 21 18 22 16 16 17 22 27 15 28 28 36 20
6 1 4 4 2 6 32 3 41 23 19 5 1 33 9 19 9 7 18 32 18 10 12 11 24 26 24 26 25 24 21 21 22 15 19 15 24 22 30 19 27 29 28 36 29 36 28 30 29
20 37 2 1 4 3 33 31 11 1 33 2 1 14 34 23 22 18 33 8 1 1 8 10 34 25 19 16 11 23 21 12 19 30 29 12 30 28 30 27 29 27 43 25 36 25 28
3 4 2 45 8 38 44 7 10 7 42 2 24 26 33 21 21 33 10 10 21 25 24 18 7 9 15 7 10 21 25 15 15 22 21 19 16 17 30 29 30 28
2 3 2 1 33 4 2 2 38 40 44 2 24 4 34 39 2 40 17 18 2 33 7 40 15 1 16 8 34 24 39 21 24 18 9 24 34 10 24 33 8 11 23 9 24 25 24 15 22 20 29 30 27 36 29
31 2 2 4 4 41 2 13 24 45 7 8 7 24 10 22 25 24 10 7 9 11 24 24 18 14 16 20 21 17 22 21 12 28 29 27 30 23 30 27
37 38 4 2 4 38 44 34 4 2 7 17 37 23 42 32 20 34 43 15 7 24 35 33 24 24 25 34 34 34 22 10 34 25 18 34 9 2 18 16 18 8 16 22 22 15 10 16 22 30 30 27 36 46 29 36 30 29
4 4 38 3 39 2 1 16 10 6 26 17 8 40 39 10 18 39 15 25 2 26 23 21 39 5 21 15 15 12 17 46 30 29 29
10 38 2 1 2 2 3 1 2 1 2 14 3 1 5 33 21 10 9 22 21 17 8 3 42 9 2 18 10 10 21 3 21 11 21 31 8 20 7 19 35 16 25 18 21 15 21 16 23 20 30 28 27 1 29
2 3 37 4 4 2 1 15 35 18 34 10 21 24 23 38 32 46 24 42 26 22 22 25 26 16 17 22 17 22 22 22 27 29 28 30 30 29
4 4 1 4 2 32 37 8 7 4 21 15 10 25 16 33 8 4 4 9 25 16 9 7 16 13 25 41 30 29 27 29 28 15 29 27 35 30 28 46
2 31 10 44 45 39 24 7 39 20 7 8 19 26 26 9 11 21 10 26 15 25 21 14 10 27 28 15 27 29 30 28 36 29
3 24 9 38 3 2 22 31 9 31 21 24 39 9 32 11 2 9 9 39 22 33 23 17 3 25 40 31 15 14 39 22 7 24 1 3 39 24 32 25 15 32 7 14 16 16 23 27 28 29 29
1 2 24 37 4 45 3 9 10 31 33 11 14 9 33 8 17 10 21 18 33 8 9 25 11 32 19 20 22 29 36 28 23 30 28 29
45 3 2 2 9 1 18 8 19 24 25 21 21 26 25 7 3 16 11 16 18 25 39 26 26 11 39 17 16 18 20 22 15 30 29 36 29 20 30
40 44 31 3 45 38 45 3 9 10 7 23 2 24 17 7 19 3 9 16 17 10 25 25 10 34 18 24 25 17 23 12 30 27 30 29 30 28 28 20 25
1 2 46 39 38 4 3 10 7 24 33 3 7 10 43 23 6 24 4 14 7 8 24 11 10 11 11 25 8 7 24 25 25 9 27 28 27 29 30
38 12 4 38 31 1 1 32 42 17 17 24 33 34 41 11 7 24 26 38 20 25 20 26 15 25 23 33 15 25 28 29 28 29 30 30 27 36 45
4 38 1 7 43 38 1 33 25 43 32 39 20 34 22 45 39 4 10 17 11 8 39 25 24 10 10 42 15 14 17 24 18 24 8 8 8 35 21 12 22 26 22 30 23 29 36 36 29 27 30 29 44 28
38 3 4 3 7 3 38 4 13 16 25 43 10 11 32 39 15 22 16 24 37 15 46 18 21 39 38 26 7 3 15 21 17 13 11 16 29 28 28 12 27 29 30 27 28 20 29 35 36 33 28 36
2 4 18 44 45 45 44 4 38 4 3 4 1 10 15 3 8 12 24 8 18 31 31 18 39 21 3 9 5 25 17 21 11 17 16 26 21 26 2 21 25 15 33 21 9 11 12 19 22 12 28 28 29
4 4 8 4 3 4 12 9 3 3 1 24 22 10 31 21 34 8 5 39 21 1 25 25 18 11 7 21 32 17 1 21 21 16 14 16 24 17 25 9 16 20 42 31 7 22 22 22 23 16 29 36 29
1 2 43 4 40 3 37 2 4 8 6 38 1 4 41 38 34 7 2 2 10 31 10 9 10 10 32 14 10 24 1 39 10 26 15 24 1 9 44 21 22 14 19 20 39 22 39 14 15 18 27 28 27 29 29 28 30 29 28 30 30 28 36 30 27 27
31 1 1 15 37 1 3 9 4 17 9 42 8 14 15 33 8 17 24 16 21 14 9 9 8 30 24 15 25 26 22 27 30 36 29 27
4 3 2 9 2 4 3 38 3 2 9 2 4 33 24 8 3 1 7 17 6 10 18 39 25 21 2 18 26 17 26 1 14 15 10 9 32 22 8 2 9 21 22 24 40 8 25 10 22 27 29 30
38 18 4 37 1 1 4 4 4 2 4 2 1 6 2 10 8 21 21 2 22 39 2 8 33 2 10 15 35 24 10 20 21 19 33 31 10 2 33 41 32 7 40 24 24 24 21 31 20 22 36 29
1 12 4 4 38 2 38 38 7 8 11 21 8 23 21 9 32 13 2 18 9 17 25 8 22 24 37 18 26 25 26 15 27 27 30 27 28 29 28 30
2 2 1 3 42 38 12 36 2 2 42 44 7 20 8 17 11 33 15 33 10 24 5 8 15 24 10 39 22 8 17 16 38 37 31 21 39 10 39 6 18 2 3 18 2 15 20
10 5 2 47 9 4 8 8 24 17 31 17 14 10 38 9 22 16 24 21 25 8 33 18 9 21 22 22 25 15 8 19 12 22 28
3 44 7 5 5 5 1 4 45 38 37 9 34 1 1 18 11 7 13 7 2 7 1 35 16 8 15 32 25 19 35 21 25 12 10 15 15 25 38 23 40 14 11 16 15 29 29 29 30 28 27 28 27 47
38 1 39 3 8 2 2 21 4 14 7 9 9 33 11 16 18 18 22 22 18 15 26 26 15 23 22 15 30 41 12 29 36 12 28 40
4 5 2 3 4 3 44 6 34 41 14 1 10 2 9 24 21 10 17 33 35 17 13 4 25 9 2 18 32 18 8 18 38 24 24 24 33 22 34 9 7 1 41 25 34 15 22 35 20 22 30 29 27 29 36 30 27 26 27 29 28
1 1 3 40 3 38 38 2 3 10 18 33 39 22 13 46 7 20 22 9 15 42 24 8 11 21 24 25 7 38 34 16 11 26 22 2 11 14 8 35 21 24 7 24 22 11 18 16 36 30 29 36 28 39 30
2 5 2 38 1 9 41 32 1 10 17 32 33 2 11 33 24 19 3 18 11 34 24 35 41
1 10 2 40 32 3 2 1 20 46 39 17 40 13 22 16 10 24 10 11 11 14 34 15 10 17 11 21 38 26 16 16 8 12 15 22 28 12 28 12 28 29 30 27
38 45 2 4 3 3 3 1 2 9 1 10 16 20 24 8 34 3 10 1 9 37 9 24 9 10 24 9 26 18 21 25 15 22 34 33 25 25 28 22 30 30 30 30 27 29 28 28 29
33 2 38 25 3 32 24 38 9 23 34 9 8 3 20 33 11 11 24 23 10 10 22 15 35 17 24 15 18 26 30 29 29 29
5 39 4 2 3 4 32 38 2 4 30 31 21 24 8 18 21 8 9 15 15 24 3 8 8 17 13 21 21 39 17 28 26 18 16 15 25 6 4 18 24 32 19 25 19 17 8 19 22 22 25 29 29
33 38 4 37 2 3 12 2 4 37 21 32 1 31 7 24 2 7 24 18 15 10 9 42 10 18 8 20 9 24 8 33 33 8 26 21 33 10 10 31 24 24 10 21 24 2 16 23 26 36 30 36 35 29
3 3 3 3 32 3 1 4 31 1 7 20 7 21 18 17 33 16 18 42 7 10 8 33 33 11 39 1 19 16 18 17 23 12 28 30 36 29 30
31 1 6 4 4 1 2 3 38 4 32 8 34 1 14 33 6 21 25 16 10 15 15 32 21 19 26 25 32 21 17 34 26 22 8 18 25 16 33 12 18 26 24 7 25 22 39 15 23 23 29 30 30 29 27
4 1 4 39 25 1 2 24 9 3 11 21 13 7 39 21 8 15 15 23 21 18 13 42 6 17 39 20 20 20 4 28 25 27 28 30 29 27 29 28 30
38 3 2 2 44 2 23 2 4 34 33 9 33 9 34 18 17 7 38 39 10 33 1 7 13 38 20 10 24 18 11 40 15 7 2 10 24 33 7 15 19 20 18 14 28 12 29 27 28 28 28 28
38 38 2 3 5 31 38 42 7 10 34 39 26 7 16 16 7 1 7 19 24 13 17 22 14 25 25 21 23 22 28
42 2 3 4 4 31 1 2 4 1 2 9 21 43 17 32 21 24 21 11 7 24 37 10 15 33 24 34 33 18 25 21 10 25 17 34 7 21 39 15 34 21 9 8 10 6 8 22 23 22 30 29 44 27
34 45 9 2 9 2 2 3 1 2 2 38 4 38 25 43 33 36 2 7 1 31 9 24 17 10 3 9 15 14 24 6 15 10 14 21 7 4 25 24 10 26 4 7 18 25 21 22 15 23 27 27 30 19
4 8 3 4 2 6 4 7 39 4 13 18 7 16 18 21 32 10 20 7 1 21 21 32 24 17 32 13 24 22 25 26 25 30 22 30 27 20 30 30 30 28 29 29
20 39 1 38 38 3 2 2 2 22 4 21 34 39 21 17 15 7 41 7 22 17 26 17 11 11 32 41 10 13 10 24 25 14 15 16 28 26 14 27 27 29 28 28
4 38 2 1 23 34 2 4 33 2 38 1 25 10 1 18 8 2 3 24 34 10 7 8 10 14 10 33 2 18 9 24 13 21 24 13 39 18 34 41 39 43 9 23 16 18 1 22 15 30 30 28 29 30 28 17 29 28 44 36 30 30
41 1 5 33 2 5 3 4 2 2 24 31 34 10 25 7 25 21 21 14 18 22 11 24 7 38 39 11 39 21 21 45 26 17 38 7 14 20 33 21 18 7 10 22 22 22 28 20 27 28 28 35 11 32 36 30 29 29 30 28 30
38 3 4 38 5 2 3 1 39 3 10 24 1 10 45 38 24 32 9 24 18 16 21 8 10 41 24 26 22 39 34 9 25 7 9 24 14 21 17 22 22 22 11 17 25 22 18 22 22 27 30 27 30 45 27
4 2 45 1 2 2 3 4 3 3 5 32 32 34 31 9 31 39 9 18 24 3 10 24 12 18 25 8 25 11 22 24 21 31 9 8 40 24 17 8 25 1 25 18 23 22 10 22 15 36 28 30 36 29 27 4 36 36 29 28 19
4 38 3 2 5 1 4 3 11 2 10 1 15 39 45 10 7 7 25 35 34 14 16 10 26 8 24 1 8 39 22 18 11 34 9 11 7 41 21 33 24 10 24 32 24 21 22 23 19 27 30 30 28 19
8 38 45 27 4 16 1 45 31 23 26 24 26 34 24 8 8 3 17 25 9 40 21 21 18 16 22 17 20 23 13 15 27 19 29 30 12 36 27 36
1 2 32 5 1 4 2 31 4 31 2 2 9 18 13 18 8 21 16 24 39 22 24 26 11 26 15 24 18 18 32 7 41 6 24 15 10 10 11 10 7 22 32 22 13 22 22 19 29 15 36 30 29 36 30 45 30 35
20 32 32 46 45 4 2 12 4 9 39 21 26 25 9 20 10 18 21 10 17 24 15 16 17 8 13 21 24 5 39 9 25 18 26 9 1 13 37 20 24 21 2 24 24 21 15 12 28 29 30 29
3 34 41 4 4 33 5 11 20 25 47 8 2 21 16 41 21 11 8 25 14 40 16 20 26 41 26 22 28 27
3 38 4 45 37 4 4 24 21 34 9 38 25 24 22 25 14 24 15 6 21 13 39 22 20 21 25 17 30 23 30 36 36 30 10
39 41 34 1 7 1 24 42 10 21 10 8 24 16 15 9 33 9 22 21 20 11 22 43 18 22 14 26 23 22 18 27 27 14
2 38 32 20 3 2 2 33 32 1 17 7 7 10 8 16 25 16 39 7 10 25 15 10 15 25 17 15 25 16 29 27 36 36 30 36 30 29 19 36 29 28 22 29 28
1 31 3 3 39 3 9 7 3 11 34 40 21 15 24 7 10 24 13 9 2 26 21 6 25 19 16 30 26 25 30 28 29 29
9 3 31 5 22 34 6 1 33 7 21 26 2 1 25 16 7 25 12 16 22 17 27 18 26 23 15 17 17 30 29 30
3 1 4 32 3 3 37 2 1 1 1 2 39 17 16 22 21
2 32 1 2 4 1 33 32 1 12 4 9 13 3 11 16 14 10 11 32 22 39 11 9 25 9 11 10 25 17 21 35 21 15 39 15 9 16 3 33 22 7 25 4 15 24 22 19 18 28 28 36 28 36 27 35 30 47 21 35
46 39 3 5 4 3 38 6 1 2 2 7 21 16 2 38 16 8 25 10 24 10 33 22 16 43 4 25 31 33 17 24 10 9 25 4 16 41 1 20 22 8 22 16 19 22 27 22 30 20 28
3 39 2 39 15 9 4 2 8 34 18 18 39 9 3 12 25 21 21 9 24 24 18 14 17 26 15 25 26 25 36 16 28 2 29 30 29 36 44 38
38 5 2 38 2 4 33 8 42 15 18 1 39 25 39 14 39 21 32 10 15 21 16 18 16 22 25 17 22 15 29 28 30 29 28 30 27 25
45 9 44 18 44 2 2 25 9 32 17 7 22 25 35 14 7 7 15 7 21 15 10 21 20 21 29 15 29 30 27 30
2 1 37 3 12 5 3 40 8 10 9 41 37 1 7 12 24 17 14 18 23 7 13 10 13 18 18 33 23 15 16 22 32 9 11 38 10 21 7 22 1 16 23 21 22 15 27 36 29 27 29 28
4 44 44 1 1 38 45 44 32 7 45 11 10 9 1 8 31 10 15 11 1 23 15 26 8 2 34 1 13 16 18 34 11 15 7 25 39 8 42 40 1 21 41 16 26 16 39 40 29 38 28 30 34 28 47
1 38 3 6 3 3 2 2 16 16 33 24 8 24 18 1 15 37 24 22 21 43 24 8 25 17 31 14 22 14 22 39 12 15 29 20 30 27 28 30 28 27 30 35
3 6 20 3 1 9 34 34 24 9 32 6 22 3 15 16 16 13 13 26 23 26 16 32 25 23 25 22 36 35 30 28 29 35
3 38 1 4 4 2 24 17 10 17 33 17 39 39 7 10 39 6 33 41 13 17 21 23 21 9 22 10 22 29 29 30 28 29 12 29 27 29 17
4 3 2 32 38 3 4 6 7 18 10 41 13 10 16 10 10 25 23 7 7 16 21 21 20 9 15 16 2 16 19 24 9 7 18 25 20 34 23 15 25 15 25 22 23 29 19 23 36 30 30 28 36 36
31 31 2 14 18 45 38 3 6 16 32 21 43 19 6 7 1 1 21 9 15 17 40 22 23 24 12 21 9 24 17 22 21 26 4 8 22 25 30 29 29 27 28 30 29
33 4 31 4 4 46 16 16 21 21 34 18 21 22 13 15 15 10 7 24 10 24 33 24 3 43 9 11 15 13 27 28 29 28 27 30
2 45 2 1 4 38 4 3 20 5 10 41 7 21 34 20 18 14 42 21 8 21 33 16 24 33 21 39 38 33 30 22 22 7 21 16 44 23 10 8 31 24 10 9 26 22 20 25 26 20 29 36 36 28 30 33 19
31 4 45 40 3 3 12 41 32 10 26 26 21 25 22 17 1 7 21 4 33 16 24 16 15 31 9 21 8 18 20 22 14 36 28 22 12 29 30 28 30 28 30 29
3 2 38 2 41 1 3 1 8 39 9 38 8 15 24 15 21 8 7 33 24 24 24 19 6 15 26 13 17 11 18 10 21 16 24 22 26 29 15 22 25 27 30 36 29 30 29 30 28 30 29 29 28
4 10 18 3 2 1 2 6 39 33 24 35 26 10 22 21 33 18 44 21 15 18 17 9 8 8 25 10 17 15 16 8 28 22 12 36 36 28 28 29 27 28 27 28 27
2 4 38 33 2 34 34 7 8 15 10 15 14 2 2 24 16 2 6 24 17 16 2 18 23 7 13 18 26 18 35 28 29 28 28 30 27 29
38 46 3 4 3 31 10 8 10 15 9 40 21 24 10 14 25 9 16 16 5 6 19 39 34 21 35 25 43 27 27 30 36 30 28 36 27 12
3 12 4 1 12 3 31 1 8 21 24 13 8 7 24 24 24 1 9 21 22 17 12 42 21 22 33 21 20 20 19 22 15 12 27 30 28
1 2 20 32 2 45 2 33 9 8 25 42 21 39 26 31 24 8 10 18 38 11 46 2 7 41 25 10 15 33 25 6 18 20 22 27 22 30 28 29 30 29 28
31 6 3 44 4 2 3 1 10 39 38 9 35 9 24 43 24 18 21 31 11 22 18 11 22 4 21 27 41 24 33 1 20 8 31 22 26 26 25 21 22 12 26 19 29 29 29 30 12 36
4 3 4 38 32 1 1 9 24 21 13 21 8 13 11 17 24 25 21 22 22 24 8 21 16 41 19 13 38 25 34 8 11 23 24 24 14 22 10 11 10 10 10 9 16 7 15 15 23 12 30 29 29
2 31 4 39 3 3 4 2 31 10 33 5 25 8 15 24 21 9 10 24 18 24 13 24 10 24 3 24 10 22 24 32 39 40 40 23 25 25 16 33 22 28 28 17 28 22 30 27 29 27 28 16 29 35
3 2 12 8 5 1 33 8 2 10 39 23 18 24 8 45 24 26 21 21 18 38 11 24 10 2 9 1 21 11 7 12 26 18 23 22 36 29 30 36 30 29 27 28 21
6 2 2 38 4 2 7 4 25 42 18 21 25 11 21 16 24 9 24 18 17 18 9 26 25 18 25 16 15 15 15 20 27 29 28 29 28 29 29
1 31 2 3 5 1 8 1 17 25 25 16 14 24 21 21 18 21 19 5 25 18 9 9 25 22 25 16 26 3 38 39 12 15 29 23 28 30 29 28 30 30 22 28 30 30 35 19 27 29 28 36 47 10 25 29 46 11 27 44
4 38 4 2 37 24 32 39 18 11 13 39 46 24 21 18 25 16 3 26 35 24 16 18 31 18 17 21 22 30 28 29 29 16 36 23
4 4 3 13 17 39 17 22 34 17 21 26 1 21 39 8 8 34 24 17 24 21 22 6 9 21 20 11 29 27 22 28 28 30 29 12 30
11 44 45 12 4 2 1 1 3 2 2 2 8 24 33 17 4 8 40 17 34 7 8 13 32 11 11 34 4 11 8 22 2 15 18 9 33 25 26 21 8 21 14 26 24 25 15 24 8 29 36 30
4 37 3 3 38 1 4 5 45 9 4 1 11 2 32 6 16 11 39 21 18 32 11 11 9 2 2 9 4 9 15 16 44 20 22 38 32 25 17 9 10 2 8 16 21 10 15 26 27 20 30 29 36
3 38 11 7 4 32 45 15 40 8 39 21 33 2 4 39 20 43 21 8 22 16 45 2 3 21 3 17 27 23 30 15 28 29 30 27 27 30 29 28 28
33 2 37 33 38 1 2 6 18 7 16 24 39 24 2 46 18 39 11 26 22 26 35 25 21 21 41 15 11 35 22 22 27 26 29 20 29 22 12 30 28 27
1 33 2 3 10 1 1 4 32 10 6 18 16 17 33 15 17 10 8 17 45 33 38 24 9 11 42 21 11 15 15 13 18 35 22 22 17 9 14 12 28 15 15 12 29 28 27 27 28 29 29 32 27 36
45 38 38 1 9 37 37 3 7 13 38 13 22 3 9 13 11 1 33 18 10 25 26 25 14 18 17 26 16 17 16 22 30 20 28 29 28 29 36
3 4 4 4 34 31 43 2 9 11 9 32 21 21 7 10 10 8 9 24 16 33 15 24 26 6 21 25 22 16 22 16 27 23 14 23 30 36 36 27 30 30
6 4 3 4 10 5 7 3 7 33 33 7 8 11 26 40 13 23 13 16 21 21 17 26 26 16 27 9 22 22 22 28 36 29 28 29 27 30 30 27
38 3 30 1 9 8 8 24 7 38 17 4 7 24 38 16 21 25 18 11 20 13 15 8 12 8 15 22 26 26 29 36 30
32 3 4 34 4 3 4 34 31 39 15 24 9 13 7 15 21 24 10 7 21 33 1 41 20 17 6 15 22 25 36 37 36 22 26 29 30 29
2 8 3 39 27 8 3 9 17 23 18 9 10 2 8 31 13 18 8 17 15 18 24 20 6 11 16 11 23 25 22 28 30 27 12
39 31 1 2 1 1 2 3 4 2 10 24 33 21 33 18 25 10 4 4 7 8 24 1 21 7 9 20 7 33 14 7 7 39 25 3 25 11 18 22 24 10 10 10 29 19 21 23 26 29 19 27 28 27 29
3 41 4 2 1 33 38 7 25 21 3 32 9 14 11 9 11 39 44 23 24 33 15 34 10 17 18 17 13 17 12 22 28 22 30 15 27 29 30 36 28 29 30 29 36 40 23 28 29 28 29 28 9
3 38 12 1 4 4 4 4 9 9 8 31 21 7 7 34 24 25 16 9 21 31 21 17 7 15 25 13 16 45 18 17 22 15 6 25 16 17 18 15 37 16 15 16 29 22 30 28 28 29 36 36 30 29
2 34 4 2 38 2 3 40 4 15 34 3 34 8 9 34 7 38 40 23 7 33 15 15 23 9 18 24 1 8 33 46 15 26 26 16 16 26 28 24 36
43 39 3 1 1 3 10 24 1 34 43 15 12 24 6 34 15 8 11 16 11 2 22 21 24 21 14 15 25 30 27 29 22 30 19
2 2 4 38 41 21 4 20 39 3 5 38 4 45 1 23 38 7 8 39 34 5 18 10 7 37 45 33 39 8 15 8 1 10 12 10 34 37 14 1 26 21 24 4 9 23 15 24 16 22 30 29 30 29 29 27 29 29 47
4 1 1 6 18 2 11 10 39 1 8 3 24 43 21 7 17 3 17 26 1 39 17 19 1 25 25 22 16 26 22 30 27 29 27 27
4 2 38 2 4 21 34 5 31 2 10 2 17 2 7 21 34 24 24 43 18 21 21 17 21 25 6 18 16 36 28 12 27 27 30 28 29
4 2 33 1 11 38 39 21 18 8 33 14 32 25 11 15 21 21 33 26 21 40 11 22 17 11 25 15 20 20 11 21 5 30 30 29 36 28 36 29 17 16 35 19 28 36
2 2 1 2 6 14 3 5 3 38 9 24 34 13 34 10 10 17 32 17 16 22 25 18 2 10 1 25 9 7 34 15 9 11 26 10 10 18 16 43 16 37 24 32 21 26 21 24 20 25 30 30 30 30 29 29 24 27
6 45 38 38 4 4 2 3 9 17 14 34 8 24 39 10 17 4 24 6 25 7 15 22 40 16 16 24 15 29
