1 2 6 7 4 3 3 8 9 13 3 3 3 3 13 3 11 10 3 4 4 11
1 2 6 7 8 5 5 5 9 12 3 4 3 3 5 3 10 5 12 11 4
1 2 6 7 4 5 5 4 9
1 2 6 7 8 5 10 8 9
1 2 6 4 3 5 3 8 9 13 10 10 3 3
1 2 6 7 5 4 3 8 9 10 3 10
1 2 6 7 3 4 5 8 9 10 4 4 3 5 5 4
1 2 6 7 5 5 5 8 9 3 4
1 2 6 7 4 5 10 8 8 10 10 3 3 5 4 10 3 3 11 3 3
1 2 6 7 4 3 3 4 9 10 10 3 10 3 4 4 3 4 4 5 11 3 12 4 5 10 5 5 4 4 11 12 4 3 3 11 4 3 4 4 4 3 2 5 3 4 12
1 2 6 7 5 5 3 8 9 3 10 10 3 4 12 4 12 12 4 11 3
1 2 6 7 4 5 3 4 9
1 2 6 7 4 3 5 8 9 3 10 4 3 4 5 5 3 11 3 3 4
1 2 6 7 4 3 5 8 9 5
1 2 6 7 3 4 3 8 9 10 3 10 11 11
1 2 6 7 4 5 5 4 9 13 10 3 3 12 3 4 4 4
1 2 6 7 4 4 13 8 9 11 10 3 4 15 3 3 3 12 3 4 4 15 3
1 2 6 7 4 3 5 8 9 10 4 4 3 4 4 12 3 5 3 3 5 3 5 11 3 4 11 3 4 4
1 2 6 7 4 4 3 8 9 3 10 10 4 3 3 3 3 4 12 4 11 4 11 3 3 11 3 3 3 3
1 2 6 7 8 3 5 4 8 10 3 3 3
1 2 6 7 5 5 3 4 9 10 3 3 5 4 4 4 5
1 2 6 7 8 5 5 8 9
1 2 6 7 3 4 3 4 9 10 10 4 3 4 3
1 2 6 7 4 3 13 8 9 10 4 10
1 2 6 7 8 4 10 5 9 3 10 4 4 3 3 3 12
1 2 6 7 4 3 3 6 9 10 3 3 5 12 10 3 4 11 12
1 2 6 7 4 5 3 8 9
1 2 6 7 3 5 3 8 9 13
1 2 6 7 4 4 3 8 9 3 10 10 4 4 4
1 2 6 7 4 4 3 8 9 10 3 4 11
1 2 6 7 4 4 10 8 9 10 4 4
1 2 6 7 5 4 3 4 9 10 3 4
1 2 6 7 4 5 3 8 9 3 10 12 3 3 4 3
1 2 6 7 3 5 13 4 9 3 10 3 5 4 3 11 3 3 4 11 3 4
1 2 6 7 3 4 3 8 9 10 10
1 2 6 7 4 4 3 8 9 13 4 3
1 2 6 7 4 5 3 4 9 3 10 4 3 4 16 3 12 4 3 5 4 3 4 11 4 12 3 3 11 4 4 4 12 4 4 4 5 11 3 11 11 12 3 5
1 2 6 7 8 4
1 2 6 4 8 4 5 8 9 10 3 10 3 3 4 4 15
1 2 6 7 4 3 5 4 9 10 10 10 3
1 2 6 7 4 3 10 8 9 10 10 11 4 10 4 4 4 11 11 3 12 4 3 3 5 5 3 4 11 3 4
1 2 6 7 5 3 13 5 9 10 10 4 10 3 3 4 4 3 3 5
1 2 6 7 4 3 3 8 10 10
1 2 6 7 8 4 3 8 9 3 3 10 4 11 12
1 2 6 7 4 4 3 8 9 5 10 4 4 11 4 3 4 3 3 3 3 12 3 3 3 3
1 2 6 7 5 5 4 8 9 10 10 11 11 4
1 2 6 7 5 5 13 8 9 10 10 3 4 3 4 3 3 5 4 12 4 4 12 13
1 2 6 7 4 4 3 8 9 13 10 11 4 4 3 3 4 3 11 5
1 2 6 7 5 3 3 8 9 3 4 10 3 3 12 3 12 11 11 4 4 4 4 3 4 11 4 4 11 5 3 5 5 11
1 2 6 3 5 8 7 4 9 10 3 10 3 3 11 3 10 4 4 3 11 4 5 4 3 12 12 10 11 3 4 11 11
1 2 6 7 8 4 13 8 9 10 4 4
1 2 6 7 3 3 10 8 4 10 3 4 3 3 10
1 2 6 4 5 4 7 8 9
1 2 6 7 5 3 10 5 9 10 10 3 3 3 4 12 12 4
1 2 6 7 8 4 11 8 9 10 10 4
1 2 6 7 4 4 3 8 9 3 10 4
1 2 6 7 4 4 10 3 9 10 4 4 3 11 3 11 4 11 4 11 4 4 3 3 3 15
1 2 6 7 8 3 3 8 9 10 10 3 4 3
1 2 6 7 3 5 3 5 9 10 10 3 3 11 4 5 4 5 3 3 3 2 3 5 5 3 5 4 11 4 4 3 12 4 4 4
1 2 6 7 4 4 3 2 9 10 10 4 4 4 4 11 11 12 3 3 3 12
1 2 6 7 4 3 3 8 9 3 10 4 3 4 3 3 10 3 11 3 12 13 5 4 4 11 3 5 4 3
1 2 6 7 4 3 7 8 9 13 3 3
1 2 6 7 8 3 3 8 9 3 4
1 2 6 7 5 4 4 5 9 3 10 10 4 3 4 3 3 4 3 4 4 11 12 4 4 11 5 11 4 12 3 5 5 4 4 4 3
1 2 6 7 4 3 13 3 8 10 4 3 4 11 3 3 12 4 4 4 3 4 3 3
1 2 6 7 8 3 3 2 9 10 10 3 3 4 3 11 3 3 4 3 12 12 5 5 3 15 3 11 11 3 3 3 11 3 3 5 3 5 4 3 5 5 3
1 2 6 7 5 3 10 8 9 3 10 3 3 4 3
2 2 6 7 5 5 13 8 9 10 10 10 4 3 4 4 11 3 12 3 3 4 5 3
1 2 6 7 5 3
1 2 6 7 8 3 13 8 9 10 3 4 3 4
1 2 6 7 4 5 3 8 9 4 10 4 3 4 3
1 2 6 7 3 4 10 8 9 10
1 2 6 7 4 8
1 2 6 7 4 4 3 8 9 10 10 5 14
1 2 6 7 4 3 3 8 9 10 3 10 3
1 2 6 7 5 5 5 8 9 3 4 3 3 4 12 4 4 4 11 3
1 2 6 7 4 4 3 4 9 3 11
1 2 6 7 4 4 3 4 9 10 3 4 5 4
1 2 6 7 5 3 10 8 9 10 4 5 4 4 3 4
1 2 6 7 4 3 3 4 9 10 3
1 2 6 7 5 4 10 8 9 10 10 4 5 4 12 4
1 2 6 7 5
1 2 6 7 8 5 3 5 9 3
1 2 6 7 3 4 5 8 9 10 3 10 4 11 4 3 3 11 11 5 4 4 11 12
1 2 6 7 4 4 3 8 9 3
1 2 6 7 5 5 10 4 9 4 10 3 4 4 3 12 5 3 3 4 4 4 11 4 3 11 4 5 4 4 3 5 12 4 11 3 4 3 11 4 12 3 4 3
1 2 6 7 4 5 3 8 9 13 10
1 2 6 7 4 4 13 2 9 3 10 3
1 2 6 7 5 5 3 8 9 3 5 3 3 4 11
1 2 6 7 8 3
1 2 6 7 3 3 5 8 9 4 4 10 12 4 11 4
1 2 6 7 5 4 3 4 9 4 10 3 3 3 12 3 4 4 11 11 4 3 3 4 4 5 3 3
1 2 6 7 5 3 3 4 9 10
1 2 6 7 5 3 3 4 9 3 4 4 3 4 4 3 4 12 12 12
1 2 6 7 4 5
1 2 6 7 8 5 5 4 9 10 3 3 3 11 4 3 12
1 2 6 7 5 5 3 8 9 13 4 10 3
1 2 6 7 4 5 3 8 9 10 10 4 5 4 4 3 4
1 2 6 7 4 3 4 4 9 4 4 3 11 5 4 3
1 2 6 7 8 4 5 8 9 10 4 3 4 3 5 3 3 4 3
1 2 6 7 4 4 3 8 9 10 10 3 3 3
1 2 6 7 4 3 3 8 9 4 3 4 3
1 2 6 7 4 5 3 8 9 3 3 10 3 11 3 3 12 4 4 4 4 4
1 2 6 7 4 4 3 8 9 10 10 4 3 3 3 3 4 3 5 3 3 3 3 3
1 2 6 7 4 4 3 5 9 3 5 4 3 4 10 4 3 3 4 3 4 4 3 3 12 4 4
1 2 6 7 8 3 10 3 9 10 10 3 4 4 3 4 3 11 3 3 3
1 2 6 7 4 5 5 5 9 3 10 11 10 3 3 3 3
1 2 6 7 3 5 13 8 9
2 2 6 7 3 5 10 5 9 10 4 4 3 3 4 3 11 3
1 2 6 7 5 4
1 2 6 7 3 4 5 8 9 3 4 3 4
1 2 6 7 3 3 3 3 9 10 4 4 3 4
1 2 6 7 4 4 3 8 9 13 10 3 3 3 4 4 3 3 10
1 2 6 7 5 3 3 5 9 10 5 4 3 3 3 16 3 3 4 3 3 3 3 12 4 4
1 2 6 7 5 3 5 8 9 10 10 10
1 2 6 7 4 3 3 8 9 3 3 11 3 4 4 2 3 3 4 4 4 4 3 3 15
1 2 6 7 4 5 3 8 9 13 4 3 10 4 3 3 10 3 3 4 5 4
1 2 6 7 4 5 3 8 9 10
1 2 6 7 4 4 10 8 9 10 4 10 10 4 15 3
1 2 6 7 4 4 13 5 9 10 3 4 3 4 3 3 11 5 3 12 11 3 3 4 3 11 5
1 2 6 7 4 3 3 8 9 10 3 3 11 11 4
1 2 6 7 4 5 3 2 9 10 10 4 4 4 3 3 11 3 3 5 11 4 3 11 4 11 12 11
1 2 6 7 4 3 5 8 9 15 10 10 3 4 4 4 4 10 12 3 3 4 3 4
1 2 6 7 5 5
1 2 6 7 4 4 3 4 9 3 4 3 3 12 4 13 4 3 3 4
1 2 6 7 3 5 5 4 9 10 10 4 4 4 4 4 4 3 11 3 4 3 4 4 11 3 4 15 12 5 4 3
1 2 6 7 5 5 3 8 9 10 3 3 3
1 2 6 4 4 5 5 8 9 4 10
1 2 6 7 4 3 3 8 9 10 10 3 3 4 4
1 2 6 7 8 3 3 8 9 10
1 2 6 7 8 4 5 8 9 3 13 12 4 4 4 4 4 5 4 12 4 4 3 4 3 11
1 2 6 7 4 3 5 4 9 13 10 3 4 4 6 12 3 11 4 4 4 4 3 3 11 3 4
1 2 6 7 4 5
1 2 6 7 4 3 13 8 9 10 3 4 3 3 3 4 4 4 4
1 2 6 7 4 5 3 8 9 10 3 3 10 5 5 4 4 3 15 3 3 4 5 3 3 3 5 4 4 5 4 12
1 2 6 7 8 3 3 8 9 13 3 11 5 11 3 11
1 2 6 7 4 4
1 2 6 7 5 3 3 8 9 10 3 3 3 3 3 10 4 3 3 4 5 15 11 4
1 2 6 7 4 4 5 8 9 4 3 3 3 15 4 3
1 2 6 7 5 4 3 8 9 10 4
1 2 6 7 5 3 13 8 9 3 5 3 3 11 12
1 2 6 7 4 4 3 8 9 10 10 12 3 11 3 3 5 5
1 2 6 7 4 5 5 8 9 10 4 4 4
1 2 6 5 5 5 3 8 9 13 10 4 3 3 4
1 2 6 7 4 3 5 2 9 10 3 3 4 10 4 3 3 4 3 11 5 4 4 5 3 3 4 11 5 4
1 2 6 7 5 3 5 8 9 10 3 5 11 3 3 4 3 3
1 2 6 7 8 3
1 2 6 7 5 5 3 4 9 3 10 4 10 5 5 3 4 10 4 12 4
1 2 6 7 4 5 4 5 9 13
1 2 6 7 8 5 5 5 9 3 4 3 3 10 4 3 4 4 3 3 10
1 2 6 7 4 3 3 5 9 3 10 10 3 11 4 4 4 10 3 11 12 4 3 11 4 4
1 2 6 7 4 5
1 2 6 7 8 3 13 4 9 10 10
1 2 6 7 5 3 3 3 9 10
1 2 6 7 8 4 3 4 9 10 10 3 3 4
1 2 6 7 3 4 5 8 9
1 2 6 7 4 4 3 4 9 10 4 4 4
1 2 6 7 4 4 3 8 9 10 3 3 10 4 4 5 11
1 2 6 7 5 5 1 4 9
1 2 6 7 3 3 3 4 9 3 3 10 5 5 3
1 2 6 7 5 4 3 8 9 3 10 4 4 3
1 2 6 7 4 3 3 4 9 10 3 10 5 11 4 5 4 4 4 4
1 2 6 7 4 3 3 8 9 10 10 11 3
1 2 6 7 8 4 3 8 9 10 3 10 10 3 4 4 3
1 2 6 7 4 4 4 4 9 10 10 3 10 4 11 4 11 5 11 3 3 12 3
1 2 6 7 8 4 3 8 9 4 3
1 2 6 7 3 3 10 8 9 10 4 3 3
1 2 6 4 4 4 7 8 9 10 10 10 3 11 4 4 3 4 5 3 15 3 4 3 3 3 3 3 11 4 6
1 2 6 7 5 5 3 8 9 15 3 5 5 5 5 4
1 2 6 7 5 4 3 8 9 10 10
1 2 6 7 5 5 3 4 9 3 3
1 2 6 7 5 4 10 4 9 3
1 2 6 7 4 5 3 8 9 13 3 4 5 4 3 3 10 5 4 4 11 3 4 3 3 11
1 2 6 7 3 3 3 8 9 3 3 3 3 11 5
1 2 6 7 3 3 4 4 9 10 4 3 3 3 12 5 15 3
1 2 6 7 8 5 3 5 9 10 5 5 10 3 4 11
1 2 6 7 4 5 5 8 9 10 3 4 3
1 2 6 7 5 3 5 8 9 13 4 3 3 3 4 5
1 2 6 7 4 3 3 8 9 10 3 3 4 4 11 4 3 4 4 4 15 4 4 3 3 11 12 4 12 11
1 2 6 7 4 4 3 8 9 10
1 2 6 7 3 3 3 8 9 10 10 10 4 4 3 5 4 11 4 3 3 4 4 13 3 3 4 4 4 15 3 4 12 4 3 12 5 3 4 11 11 4 15
1 2 6 7 5 3 5 8 9 13 10 3 11 10
1 2 6 7 8 3 3 8 9 10 3 4 4 3 4 3 3 3 5 4 3 15 4
1 2 6 7 4 3 10 8 9 10 3 10 5 3 4 3 3 11 4
1 2 6 7 3 3 3 8 9 10 10 3 3
1 2 6 7 8 3 3 3 9 10 10 3 3 4 3
1 2 6 7 8 4 3 4 9 13 10 4 4
1 2 6 7 4 3 5 4 9 3 3 10
1 2 6 7 3 3 5 8 9 3 5 5
1 2 6 7 5 4 3 8 9 15 3 3 5 3 4 3 4 3 4 11 3 4 4 4
1 2 6 7 8 3 3 8 9 10 3
1 2 6 7 4 4 5 2 9 10
1 2 6 4 5 3 7 8 9 10 10 3 16 4
1 2 6 7 8 4 5 8 9 4 3 10 3 3 4 12 3 3 4 2 12 4 3 4 3 4 11
1 2 6 7 4 3 10 8 9 10 4 3 3 15 4 4 5 3 3
1 2 6 7 4 3 3 3 9 13 10 4 4 4 3 11 12 3 10 5 11 12 12 3
1 2 6 7 5 3 4 4 9 10 3 4 4 3
1 2 6 7 4 3 3 4 9 5 3 4 3 4 4 4 5 3 10 12 3 4 3 11
1 2 6 7 5 3 3 8 9 10 10 3
1 2 6 7 5 4 3 8 9 4 4 10 3 11 3 3 4 4
1 2 6 7 5 5 3 8 9 10 10 4
1 2 6 5 4 5 3 8 9 10 10 5 3 11 4 4 4 4 4 10 4 11 4
1 2 6 7 4 5 10 8 9 12 3 3 4 4 4 15
1 2 6 7 5 3 13 8 9 10 15 5 3 3 4 3 3
1 2 6 7 4 5 3 8 9 10 3 4 5 4 3 3 3 3
1 2 6 7 5 3 10 8 9 4 4 10 4 4 3
1 2 6 7 5 4 3 8 9 10 5 3 3 3 4 5
1 2 6 7 4 5 3 8 9 10 3 4
1 2 6 7 3 5 3 8 9 4 4 10 4 4 12 3
1 2 6 7 3 3 3 8 9 10 10 4 3 4 4 5 4
1 2 6 7 5 4 7 8 9 13 4 11 4 3 3 4 4 4 11 4 5 15 3 12
1 2 6 7 4 5 5 8 9 4 3 4 3 4 3 12 4 4 10 11 3 4 4
1 2 6 7 4 5 5 5 9 10 10 10 4 3 4 3
1 2 6 7 4 4 5 8 9 3 4
1 2 6 7 4 3 5 8 9 10
1 2 6 7 4 3 3 4 9 3 3 4 5
1 2 6 7 8 5 3 8 9 3 10 4 3 4 4 3 10 3
1 2 6 7 4 3 3 5 9 10 10 4 12 5
1 2 6 7 4 3 4 8 9 10 5 3 11
1 2 6 4 8 5 7 8 9 10 10 4 10 4 4 8 3 3 4 5 3
1 2 6 7 4 3 3 8 9 3 3 3 3 3 4 5 3 12 4 3 12 4 3 3 4
1 2 6 7 5 4
1 2 6 7 8 4 5 8 9 10 5 3 4 5 3 10 4
1 2 6 7 3 4 5 4 9 3 10 3 3
1 2 6 7 3
1 2 6 7 3 4 3 5 9 3 4 4 3 11 3 12 4 10 3 12 3 3 11 10
1 2 6 7 4 5 3 8 9 4 3 3 5 4 11 4
1 2 6 7 5 4 3 8 9 10 10 4 4 5 4 4 10 11 3 4 3 3 3 11 11 3
1 2 6 7 5 4 5 8 9 10 10 10 10
1 2 6 7 4 4 3 8 9 10 10 3 5 4 3 3 3 3 4 4 5 11
1 2 6 7 8 4 10 8 9 10 3 10 3
1 2 6 7 4 5 3 8 9 10 3 3 4 4
1 2 6 7 4 5 3 8 9
1 2 6 7 4 5
1 2 6 7 8 4 5 8 9 10 5 3 12
1 2 6 7 3 4
1 2 6 7 4 5 10 4 9 10 10 4 10 5 3 4 3 11 4 11 3
1 2 6 7 4 4 3 5 9
1 2 6 7 5 3 3 8 9 3 10 5 4 4 5
1 2 6 4 4 3 5 8 9 10 3 10 3
1 2 6 7 5 5 3 4 9 10 5 4 6 5 5
1 2 6 7 4 3 5 4 9 3 3 4 4
1 2 6 7 4 3 3 5 9 10 4 4 5 10 4 3 3 3 3 3
1 2 6 7 4 3 3 8 9
1 2 6 3 4 3 7 4 9 10 3 3 10 11 3
1 2 6 4 5 5 7 8 9 10
1 2 6 7 5 5 5 8 9 10 3 3 10 3
1 2 6 7 5 5 5 8 9 10 10 5 3
1 2 6 7 4 3 3 8 9 3 10 4 3
1 2 6 7 4 3 3 8 9 3 10 3 3
1 2 6 3 8 3 7 8 9 10 4 3 4 11 4 3 3 3 3 11 3 5
1 2 6 7 3 3 3 8 9 10
1 2 6 7 4 3 3 4 9 10 10 3 3
1 2 6 7 8 4 3 8 9 10 10 3 12 4 5 4
1 2 6 7 3 4 13 4 9 12 10 3 5
1 2 6 7 4 5 13 8 9 10 10 5 4 4 11 3 3 4
1 2 6 7 5 4 3 4 9 3 3 10 3
1 2 6 7 8 5 3 8 9 4 12 10 3
1 2 6 7 4 4 3 8 9 10 10 4 4 3 4 3 11 12 10 4 3 4 3 3 4
1 2 6 7 8 3 3 8 9 10 10
1 2 6 7 4 3 3 8 9 3 3 3 5 12 4 11 4 11 3 4 4
1 2 6 7 4 4 3 8 9 3 3 5 5 3
1 2 6 7 4 3 5 8 9 3 3
1 2 6 7 3 5 3 8 9 10
1 2 6 7 5 3 3 4 9 3 3 10
1 2 6 7 4 4 3 8 9 13 4 3 3 12 3 3 3 3 4 12 4 4 11 3 4 3
1 2 6 7 8 5 3 8 9 3 10 3 3 5 4 11 3 11 5 11 3 10 11 4 4
1 2 6 7 4 5 10 4 9 10 3 3 3 3 12
1 2 6 7 8 5 3 4 9 10 3 3 10 4
1 2 6 7 4 3 3 5 9 3 4 10 4 3 3 3 3 4 4 4 4 3 3 4 3
1 2 6 7 5 4 5 8 9 10 5 3 12 12 3 3 12 4 4 3 3 3 3 4 3 4 11 10 4 4 4 5 3
1 2 6 7 3 3 3 8 9 3 5 4 10 3 11 11 4 11 4 4 11 4 4 4
1 2 6 7 4 3 3 4 9 13 3 4 3 4
1 2 6 7 4 3 3 8 9 5 3 4 3 3
1 2 6 7 3 4 3 5 9 10 10 5 4 3 3 11 4 11 12 4 5 5 4 4 4 3 4 11 15 3 3 12 4 4
1 2 6 7 4 4 3 4 9 10 10 3
1 2 6 7 5 4 7 8 9 10 3 4 3 5
1 2 6 7 5 4 3 5 9 10 10 3 3 4 12 4 5 3
1 2 6 7 4 4 3 8 9 3 10 3 3 3 4 5 3 3 5
1 2 6 7 8 3 3 8 9 3 10 3 4 11 11 12 3 3 3
1 2 6 7 4 4 3 5 9 4 12 3 4 5 3 4 3 3 5
1 2 6 7 8 3 3 8 9 10 3 4
1 2 6 4 5 3 7 8 9 3 4 4
1 2 6 7 4 3 3 8 9 10 3 3 3 4 4 11 3 4 3 4 3 5 3 3 4 12 11 3 12 3 4 16
1 2 6 7 4 5 4 8 4 10 3 3 10 4 3 4 3
1 2 6 7 5 4 3 8 9 10 10 4 3 4 11 5 11 10 3 4 3
1 2 6 7 4 5 3 5 9 3
1 2 6 7 4 4 13 4 9 10 3 3 3 5 11 4 13 4 4 3 3 4 4 11 5 3 3 5 3 3 4 3 3 4 15 4
1 2 6 7 8 4 3 8 9 10 4 3 11 3 10
1 2 6 7 4 4 10 8 9 13 10 3 4 3
1 2 6 7 4 5 10 8 9
1 2 6 7 4 3 3 8 9 3 3 3 3 12 3 11 4 15 4 6 4 5 3 4 4 3 5 11 4 12 3 3 11 4 3 11 4 3 3 4 3 4 5
1 2 6 7 4 4 7 8 9 10 10 4 13 4 3 3 11 3 11 4 11
1 2 6 7 4 3 3 8 9 10 3
1 2 6 7 3 5 5 4 9 3 10
1 2 6 7 5 4 3 2 9
1 2 6 7 3 5 3 5 9 10
1 2 6 7 4 5 7 4 9 3 3
1 2 6 7 8 5 3 8 9 3 10 5 3 3 10 3 3 4
1 2 6 7 8 5 5 4 9 10 10
1 2 6 7 8 4 3 8 9 4 3 3 11 5 4 3 11 3 4 4 3 4 11 12 4 14 3 3 3 11 11 3 11 11 4
1 2 6 7 3 3 3 4 10 10 3 3 4 5 11 3 5 11 3 4 4 3 4 3 11 4 5 11 3 3 4
1 2 6 7 5 4 3 8 9 3 11 4 11 3 11 3 3
1 2 6 7 4 4 10 5 9 10 4 4 3 11 4 5 11 4 5
1 2 6 7 5 5 3 8 9 10 12 3 4 4 5 4 3 4 3 4 12 3 4 15 12 15
1 8 6 7 5 3 3 5 9 4 3 4 3 3 11 3 4 11 5 4 3 12
1 2 6 7 4 3 5 8 9 3 10 10 3 4 4 5 3 5 4 12 4 11
1 2 6 7 5 4 3 8 9 10 3 4 3 11 15 4 3 4 4
1 2 6 7 5 5 5 8 9 10 10 4 5 4 4 11 3 3 3 4 11 4 5 3 4 5 3 3 4 3 4 3 3 12 3 3 4 3 4 5 5 3 3 12 3 12 5 12
1 2 6 7 5 4 3 4 8 4 5 3 4 3 3 11 3 15 4 4 4 4 11 12 4 15 4 3 3
1 2 6 7 5 3 5 4 9 10 3 4 4 4 11 3 15
1 2 6 7 3 4 5 8 9 3 4 3 3 3 4 4 3
1 2 6 7 4 4 3 8 9 3 4
1 2 6 3 4 4 3 8 9 11 10 4 4 4 4 4 4 4 3 3
1 2 6 7 8 5 3 5 9 3 5 4 4 15 11 3 3 3 3 11 4 3 4 4 3 11
1 2 6 7 5 5 10 8 9 10 3 4 12 4 3 3 4 12 4 3
1 2 6 7 4 5 10 8 9
1 2 6 6 4 4 7 8 9 10 10 10 3 15 3 11
1 2 6 7 4 4 10 4 9 10 13 4
1 2 6 7 4 4 5 8 9 15 10 3 15 5 3 12
1 2 6 7 3 4 3 8 9 10
1 2 6 7 5 3 5 8 9
1 2 6 7 8 4 3 8 9 3 3 3 4 11 16 12 12 3 12 10 5 11 3 4 3
1 2 6 7 4 3 3 4 9 10 5 3 10 11 11 3 4 3 3 3 3
1 2 6 7 4 3 3 8 9
1 2 6 7 3 3 10 5 9 10 3 4 3 3 4 3 3 12 11 3 4 3 11 11 4 11 4 4 4
1 2 6 7 4 3 3 8 9 10 4 3 3 12 3 4 3 3 5 5
1 2 6 7 5 4 5 8 9
1 2 6 7 4 5 3 4 9 10 10 3 4 4 3 4 3
1 2 6 7 4 5 5 8 9 10
1 2 6 7 5 3 3 8 9 10 10 3 3 4 12 3
1 2 6 7 8 5 3 8 9 3 3 4 11
1 2 6 7 5 3 5 4 9 13 10 10 11 4 11
1 2 6 3 5 5 7 5 9 13 3 3 3
1 2 6 7 4 3 4 8 9 10 3 4 4 4 5 3 11 5 4 4 3 10 4 4
1 2 6 7 5 5 3 2 9 10 10 10 5 3 4
1 2 6 7 3 4 10 4 9
1 2 6 7 4 3 13 8 9 3 10
1 2 6 7 4 8 3 2 9 10 3 3 11 3 3 4 3 4 4 4 4 11 11 11 4 4 4 11 3
1 2 6 7 4 8 3 8 9 10 4
1 2 6 7 4 4 3 8 9 10 3 5
1 2 6 7 4 3 3 8 9 13 10 10 3 3 5
1 2 6 3 5 3 7 8 9 9 10 5 3 3 3 5 3 4 4 4 10 4 3
1 2 6 7 4 4 3 4 9 10 10 3 4 11
1 2 6 7 4 4 3 4 9 10 10 4 3 4 5 10 4
1 2 6 7 4 4 7 8 9 3 3
1 2 6 7 4 5 13 8 9 13 3 10 3 5 12 3 3 5 12 4 11 4 4 15 11 4 5 3 3 12 4 5 3 5 3 4 5 13 3 12 11 4 4 3 5 3 5 3 3 5 4 3 3 11 4 11 4 3 11 4 4 5 4 4 4 11 3 4 3 3 3 3 3 10 3 3 3 11 4 4 3 4 3 3 3 4 3 3 11 12 3 3 3 4 3
1 2 6 7 5 4 5 8 9 10 3 3 4 5 11 4 10 12 3 4 3 4 12 3 3 3 11 5 5 3 3
1 2 6 7 4 4 13 8 9 3 10 3 4 11 11
1 2 6 7 4 3 3 8 9 10 10 4 11 11 4 11 4 3
1 2 6 7 4 4 10 8 9 10 5 10 4 5 3 3 10 4 3 5 3 3 3 10 11 3 12 1 4
1 2 6 7 5 3 3 4 9 3 3 3 3 3 4 3 15 14 15 3 4 4 3 3 4 3 4 4 3 4 12
1 2 6 7 4 4 3 8 9 9
1 2 6 7 4 5 3 4 9 10 4 3 3 4 3
1 2 6 7 5 3
1 2 6 7 5 3 10 4 9
1 2 6 7
1 2 6 7 8 3 3 8 9 3 3
1 2 6 7 3 5 10 8 9 4 3 10 4 11 11 3 3 4 3 3 5
1 2 6 7 4 4 3 8 9
1 2 6 7 4 5 3 8 9 13 10 10 3
1 2 6 7 4 3 3 8 9 10 3 4 3 3 4 3 4 11 3 3 3 3 4 5 4
1 2 6 7 5 3 5 8 9 4 5 3 4 11 11 4 4
1 2 6 7 3 3 3 3 9 3 10
1 2 6 7 4 4 10 8 9 3 4 3 4 4 3 4 3 4 15 12 15 4 4
1 2 6 7 4 4 13 8 9 3 5 3
1 2 6 7 8 5 3 4 9 3 3 4 4 3 3 3 4 3 4 3 3 4 4
1 2 6 7 4 4 3 5 9 10 3 10 4 4 5 4 3 4
1 2 6 7 4 5 3 8 9
1 2 6 7 5 4 13 8 9 13 3 10 4 11 3 4 4 5 3 4 2
1 2 6 7 5 5 4 8 9 3 10 4
1 2 6 7 3 3 13 2 9 3 10 3
1 2 6 7 4 3 5 4 9 3 3 3 4 4 3 3 4 4 5 4
1 2 6 7 4 3 3 2 9 13 10 5 4 4 3
1 2 6 7 4 4 3 8 9
1 2 6 7 4 4 3 5 9 10 13 4 3
1 2 6 7 4 4 3 4 8
1 2 6 7 4 5 3 4 9 3
1 2 6 7 4 3 5 8 9 10 10 3 3 4 11
1 2 6 7 4 3 3 8 9 10 3 4 12
1 2 6 3 4 3 5 8 9 10 10 3 5 4 11 5 10 4 10 4 4 5 5 5 3 11 11 3 11 3 3 4 12 11 5 4 4 3 3 3 3 15
1 2 6 7 4 5 3 4 9 10 3 10 4 4 4 5 11 3 4 11 4 4 4
1 4 6 7 4 4 3 8 9 3 3 4 11 4 3
1 2 6 7 4 5 3 4 9 10
1 2 6 7 8 5 3 8 9 13 3 5 3 3 10 4 4 4 3 3 3 3 4 4 4 3 11 10 4 3
1 2 6 7 4 3 3 8 9 3 10 4 3 4 5 3
1 2 6 7 4 3 3 8 9 3 3 10 3 4 4 3 10 3 4
1 2 6 7 8 4 3 8 9 10 10 4 10 3 3 3 3 10 4 11 12 3 3 4
1 2 6 7 4 3 5 5 9 3 4 4 4 4 3 3 4
1 2 6 7 5 4 3 4 9 3 10 3 3 4
1 2 6 7 5 3 3 8 9 3 3 4 3 4 3 3 3 3 3 11 5 4 4 12 3 12 4 12 3
1 2 6 7 4 5 10 5 9 10 10 12 3 5 12 4 5 4 4 3 4 4 4 3 12 3 3
1 2 6 7 4 4 3 8 9 10 10 3
1 2 6 7 5 4 13 8 10 3 10 4 3 3 5 3 10 4 4 5
1 2 6 7 3 4 3 4 9 3 3 3 3 11 4 3 4 4 4 4 11 4 3 5 3
1 2 6 7 5 4 3 8 9 13 3 10 4
1 2 6 7 4 3 3 8 9 10 4 4 4 3 3 4
1 2 6 7 5 4 3 8 9 13 3 10 4 4 4 3 3 12 3 11 4 4 4 4 4 3 4 4 4 4 4 3 4 4 3 3 4 3 12
1 2 6 7 3 4 5 5 9 10 3 3 4 4 11 10 4 10 5 4 4
1 2 6 6 8 5
1 2 6 7 4 5 15 2 9 10 10 3 10
1 2 6 7 4 3 3 2 9 3 4 3
1 2 6 7 4 5 5 3 9 10 10 3 12 3 4 3 3 3 5
1 2 6 7 4 4 3 4 9 10 4 3 5 3 4 3 4 11
1 2 6 7 4 3 4 8 9 10
1 2 6 7 5 4
1 2 6 7 4 3 13 8 9 10 3 3 4 4 3 10
1 2 6 7 5 3 3 8 9 3 5 3
1 2 6 7 8 5 3 8 9 13 10 4 4 3
1 2 6 7 4 4 3 8 9 10 10 5
1 2 6 7 3 5 3 4 9 3 3 3 5 3 4 3 3
1 2 6 7 5 3 10 8 9 10 10 3 4 3 11 4 4 10 3 5 4 4 12 5 4 12 3
1 2 6 7 4 3 3 5 9 3 10 3 4 3 3 12 4 5 4 3 15 5 5 3 3 5 3 4 5
1 2 6 7 8 4 10 8 9 3 4 11 10 11 4 3 4 4 4 3 3 3
1 2 6 7 4 3 10 8 9 10 4
1 2 6 7 3 4 10 8 9 10 3 10
1 2 6 7 4 3 3 8 9 10 4 3 4 4 4 3 4
1 2 6 7 8 4 5 8 9
1 2 6 7 5 5 13 8 9 10 3 4 4
1 2 6 7 5 5 4 8 6 10 10 3 3
1 2 6 7 4 4 5 8 9 10 10 11 5 4
1 2 6 7 5 4 5 8 9 10 10 3 13
1 2 6 7 8 4 3 8 9 3 4 3 3 3 4
1 2 6 7 5 5 3 8 9 10 4 3 3 4 12 4
1 2 6 7 4 3 3 4 10 10 3 10 12 3 5 4
1 2 6 7 4 3 4 8 9 10 3 3 3 11 3
1 2 6 7 4 3
1 2 6 7 4 3 3 8 9 10 10 4 3 4 3
1 2 6 7 4 4 13 8 9 3 3 10 4 4 3 5 11 4 3 3 4 4 4 4 5
1 2 6 7 5 4 13 8 9 10 10 3 3 12 3 11 5 3 3 11 4 4 4 3 3 12 11 5 3 5 4 4 3 12 12 3
1 2 6 7 4 4 3 8 9 10 3 4 10 3 11
1 2 6 7 8 5 13 8 9 3 3 3 4
1 2 6 7 5 3 3 8 9 10 10 5 3 5 11 3 11 5 3 3 12 3 3 11 12 5 3 4 4 3 4
1 2 6 7 5 4 3 8 9 5 10 4 5 5 3 3 3 5 4 3
1 2 6 7 4 3 3 4 9 13 4 10 10
1 2 6 7 4 3 3 8 9 10 12 3 3 3 11 5 4 10 3 12
1 2 6 7 4 8 10 8 9 10 10 3 4 11 11
1 2 6 7 4 4 3 8 9 3 3 4 3 11 4 5
1 2 6 7 8 4
1 2 6 7 8 5
1 2 6 7 5 5 13 4 9 13 10 4 4 3 4 12 4 3 11 4 3 3 3 3 11 12 5 12 5 3 3 11
1 2 6 7 4 3 10 4 9 4 3 3
1 2 6 7 5 4 13 8 9 13 10 3 4 4 5 4 3
1 2 6 7 5 5
1 2 6 7 4 3 3 8 9 3 4 3 3 12 15 4 3 3 3 4 3 12 4
1 2 6 7 4 3 3 8 9 10 10 4 5 4 3 4 4 3 11 4 3
1 2 6 7 4 4 5 8 9 10 3 3 10
1 2 6 5 8 8 3 8 9 10 10 4 10 4 4 3 3 11 3 5 5 4 4 4 4 3 4 5 3 3 4 5
1 2 6 7 5 5
1 2 6 7 5 4 10 2 9 3 3 4 3 11 12 11 4 3 11 5 4
1 2 6 7 5 4
1 2 6 3 5 5 7 8 9 3 3 3 10 4 10 10 3 11 5 5
1 2 6 7 4 4 3 8 9 13 10 3 3 3 11 3 3 4 4 11 3
1 2 6 7 3 4 5 8 9
1 2 6 7 4 3 10 8 9 10 4 3 3 4 4 5 4 3 3 4 12 3 3 3 3 3 4 3 4 4 4 3
1 2 6 7 5 5 3 8 9 3 3 3 3
1 2 6 7 5 3 5 2 9 4 10 12 3 4 4 16 3 3 4 4 11 3 3
1 2 6 7 5 4 7 8 9 3 4 3 4 5 11
1 2 6 7 4 3 3 8 9 10 4 10 12 3 3 4 4 12 5 3 5
1 2 6 7 4 5 3 8 9 10 10 3 10 5 3 3 4 4 4 3 4 10 3 4 3
1 2 6 7 4 4 13 8 9 10 10 4 4
1 2 6 7 8 5 3 8 9 10 12 10 3 4 4 5 3 15
1 2 6 7 5 3 3 8 9 3 3 5 12 5 10 5 3 3 4 3 12 3 3 12 11 4 3 4 4 4 4 4 4 12 12 5 5 12 3 4 4 3 4 3 4
1 2 6 7 4 4 4 4 9 10 3 12 5 12 11 4 4 3 4 11 3 3 11 11 11 3 4 5 3 5 4 3
1 2 6 7 5 4 3 8 9 10 3 10 3 3
1 2 6 7 3 3 3 4 9 10 10 4 5 4 3 3 4 4 5 5 3 3 4 4 4 3 3 3 3 3 3 3 5
1 2 6 7 4 3 11 8 9 10 3 4 3 5 3 12 3 5 4
1 2 6 7 5 3 3 4 9 10 3 10
1 2 6 7 3 4 3 8 9 3 3 4 3 11 4 5 3 4 4 3
1 4 6 7 4 4
1 2 6 7 5 5 13 8 9 4 10
1 2 6 7 3 4 10 4 9 4
1 2 6 7 4 5 3 8 9 10 5 11 4 4 4 4
1 2 6 7 4 5 3 8 9 3 3 10 4 4 4 5
1 2 6 7 4 4 5 8 9 10 10 10
1 2 6 7 4 4 5 4 9
1 2 6 7 4 4 3 8 9 3 12 4 4 3 3 3 3 5 3 4 4 4 6
1 2 6 7 3 5
1 2 6 7 3 5 4 8 9 4 3 3 10 10 4 4 3
1 2 6 7 8 4 4 8 9 10 10 3 4 4 4 3 3
1 2 6 7 4 5 5 8 9 10 11 4 3 4 4 3 3 4 4
1 2 6 3 4 3 5 8 9 10 10 4 3 4 6 15 4 3 4 3
1 2 6 7 8 4 3 8 9 3 10 4 4 3 12 3 3 4
1 2 6 7 3 4 3 8 9 10 3 5 4 3 2 12 5 4 3 4 4 3 4 4
1 2 6 7 4 5 3 8 8 13 10 3 3 3 11 4 4 3 3
1 2 6 7 3 3 13 5 9 3 3 3 3 3 11
1 2 6 7 4 3 5 8 9 10 10 4 4 3
1 2 6 7 5 3 3 8 9 3 4 3 4 4 11 3 3
1 2 6 7 8 4 3 8 9 3 3 4 4 15
1 2 6 7 4 4 3 5 9 10 10 4 4 11 4
1 2 6 7 5 4 10 4 9 3 4 12 3 3 4 5 4 3 3 5 3 3 12 3
1 2 6 7 4 5 5 8 9 5 10 4 3 11 3
1 2 6 4 3 3 7 8 9 3 3 3 11 4 4 3 3 11 5 3 10 4 4 15 4 4 12 3 3 12 4 12 12 4 4 3 11 4 3 5 3 4 5 4 5
1 2 6 7 4 4 10 8 9 13 10
1 2 6 7 4 3 3 4 9 3 10 11 3 4
1 2 6 4 8 3 7 8 9 10 10 4 3 3
1 2 6 7 4 3 3 8 9 10 3 4 11 4 12 11 11 3
1 2 6 7 4 4 13 5 9 10 3 3
1 2 6 7 5 5 3 8 9 10 10 3 3 11 3 3 11 3 4 3 11 4 4
1 2 6 7 4 3 3 4 9 10 3
