0.06564822513131717 
1.0 
0.18754216795155373 
0.06540636569636876 
0.143068267171407 
0.12190417175824032 
0.09395786776519262 
0.09364339132408529 
0.013437612143186534 
0.09288560454502995 
0.03598371316367104 
0.12944289906701095 
0.11973724309831997 
0.2357634951182182 
0.23519836742767994 
0.06630617409398873 
0.11608449779084527 
0.08477938251874496 
0.23930473654778417 
0.22115665618552757 
0.08184798868222959 
0.228136511517911 
0.20753357057142993 
0.41918872686495307 
0.2243456332790467 
0.07065389542897503 
0.10957669526683368 
0.23385558683882282 
0.10731897421504526 
0.172689496360062 
0.05785935379318187 
0.10697068310285113 
0.0721120685829159 
0.10236613934096052 
0.004388721623679062 
0.22335621600304673 
0.12842710634756327 
0.16561918678252135 
0.0784326223657843 
0.22240686911228458 
0.2222653547137863 
0.09927767635724692 
0.22937708726340827 
0.07107767779437045 
0.07570901968309736 
0.16293201940793045 
0.22312830511992163 
0.07104606107690428 
0.10611491831432174 
0.06896764231855364 
0.10416178291234773 
0.2725549562374754 
0.15682145473251116 
0.06799606228155194 
0.11369430776507428 
0.22772016838015469 
0.07201485140354133 
0.22499521311062426 
0.04959166671245736 
0.04355042211276601 
0.021274077630876513 
0.12230834161440539 
0.1454196548621059 
0.24637715954226772 
0.05555378498180559 
0.12084847772691018 
0.15905347663427363 
0.22330760741335942 
0.0696434285202235 
0.16508702839629272 
0.09203541917722988 
0.17482810523294717 
0.05522806516256192 
0.09794453294964954 
0.12076520909935891 
0.055232630143158636 
0.22169557750597357 
0.26670679340968967 
0.375976197853022 
0.2792740159191018 
0.14158498662418417 
0.09126343023631807 
0.2019018216385998 
0.22792998841424833 
0.1470946645943909 
0.15033867506510382 
0.20606947985004886 
0.22467896139928492 
0.11524673931466961 
0.4023330432316343 
0.11627005579843414 
0.21673454257415029 
0.06326268462282059 
0.20323868466001674 
0.22380341502816975 
0.2236728903977747 
0.10084549358218678 
0.2235196254010737 
0.08511676839951357 
0.24582412059664296 
0.1387230819367522 
0.22324716368879177 
0.2179520398066308 
0.13699084087365276 
0.06361926032943098 
0.06539190992447916 
0.08710786076978254 
0.10704465269585352 
0.22274214157611028 
0.15859934560157782 
0.22273157449139566 
0.16613621310343868 
0.11273743710999531 
0.15658289222799374 
0.11252398199875985 
0.22202467879232593 
0.26753432294786156 
0.22178620082448625 
0.22171510547852621 
0.11255154095569561 
0.157394782480788 
0.22826881141853814 
0.18540060029494848 
0.06028699356718151 
0.14261912380269648 
0.1425309520478376 
0.2139520178270946 
0.14224885315429592 
0.22767663199113042 
0.08915347929717897 
0.14935399184305598 
0.09000451003175619 
0.13318685944974232 
0.10277605769121034 
0.04111661116129302 
0.223572122677936 
0.22354701528465404 
0.15944386701197083 
0.2389830744890709 
0.1957069738954966 
0.15931740014210616 
0.4351943942038273 
0.22253249061537209 
0.09166193613507609 
0.08562288948900537 
0.0789164257723588 
0.10653151506211121 
0.2210663710137258 
0.17928073658498028 
0.1278550466494522 
0.11219623329925096 
0.13325913830919037 
0.1948589864813172 
0.090165890549518 
0.43870139827891774 
0.3604172223192046 
0.17723165205379746 
0.021439684982524153 
0.24077897167049125 
0.10316298206512114 
0.2612752273296935 
0.12330697338827655 
0.15248573760576067 
0.13762089273267772 
0.09226096303337888 
0.09954937723942943 
0.093121292802505 
0.27430376648940735 
0.19760558314034316 
0.12234147999207047 
0.2230423313186834 
0.23138212818550052 
0.07879908886368757 
0.2466125941897096 
0.12254090201480491 
0.18776145609355166 
0.22240610828218513 
0.18708516267181552 
0.050582690185333984 
0.12103707905489686 
0.15113754666952964 
0.15845487241935943 
0.12912343496191836 
0.18819546739695087 
0.12693046900526114 
0.1281159268368869 
0.1189814006628521 
0.17094170054826263 
0.22400951544844383 
0.1382329382793489 
0.07848824749972208 
0.1290040691729819 
0.274045168792271 
0.1421563700288735 
0.1422359190426052 
0.15007610414411476 
0.11401334918677829 
0.09063008144686216 
0.0691849861169641 
0.2213028201013003 
0.3233483963603579 
0.11030007561805823 
0.23157977493800294 
0.22405863125819742 
0.12987344436662374 
0.06543857417057895 
0.07091443746969889 
0.16690236901358801 
0.07259967613998768 
0.15934656529591854 
0.13674111952767667 
0.22252530499776613 
0.09089451217476098 
0.22885583410860513 
0.2285731434583194 
0.13526181220430655 
0.1355193954613103 
0.2282584979438567 
0.08524670127316464 
0.07422337210889847 
0.0574855326043172 
0.12461306505900449 
0.21758887023915852 
0.21255496469114316 
0.2225335895921824 
0.20143331937069206 
0.14930512964333553 
0.22172017767918922 
0.05486514920512275 
0.07777061564258231 
0.07688221969645416 
0.22790014696701424 
0.09686415420842602 
0.12761005935742828 
0.2057369970965878 
0.22590694117980234 
0.09449078698152072 
0.12245019415961456 
0.10750081260881456 
0.22411992034954226 
0.12493354360422972 
0.07150534884694085 
0.27590996336603074 
0.22315375065991444 
0.37180853964157295 
0.22291890776921655 
0.012898014529318802 
0.2735030350780718 
0.06200097470789408 
0.12049562163411934 
0.19216700051609642 
0.2212531125348027 
0.22145659231806758 
0.096987239611182 
0.2503980620812 
0.24273582668628482 
0.17090602607026603 
0.2275984355642422 
0.2192861976543608 
0.17734247963828448 
0.10016674859679682 
0.21917283396954226 
0.1076917809637773 
0.11549164207001582 
0.0873217385644066 
0.09406920256974594 
0.10138128704555724 
0.13688533909986192 
0.10805807838832514 
0.10840045193307907 
0.08461318341035329 
0.2229110458581889 
0.08459889671181912 
0.08554148066836388 
0.0710655045127792 
0.13426597014080008 
0.14473685211618553 
0.23642186676427837 
0.21607845341838852 
0.38974316489259403 
0.13457672696808784 
0.22125953732230919 
0.19381013992088214 
0.15181595350820873 
0.13326666207350718 
0.15638828879588917 
0.1055152151225972 
0.08921552921862326 
0.2276307285751301 
0.271395366629231 
0.13321315035651232 
0.1914228241421535 
0.07870964905866296 
0.16189991110968338 
0.17998467350032993 
0.14451545055724466 
0.12814187959694603 
0.22302356417623026 
0.18127639393584596 
0.2229857762812907 
0.22295813278767726 
0.23144764411073124 
0.09203169956341034 
0.1445270320820919 
0.22146546866922787 
0.047372747995741045 
0.12805861096939475 
0.1409672771201059 
0.1570475903454042 
0.09107161651457814 
0.15784155882252246 
0.09642870578150566 
0.2280306715974093 
0.03879049993723152 
0.22929314234243528 
0.126418176738296 
0.09750663295907538 
0.28609477322402177 
0.2291030193542497 
0.12327916082130765 
0.14637601829711852 
0.12219134285244504 
0.1468612588272142 
0.079877100577935 
0.14429345724155976 
0.2235141305170221 
0.12340351427422938 
0.13577182198097332 
0.20365790204481546 
0.0200799125214459 
0.08789134669886388 
0.1875500298625814 
0.13602230415704886 
0.09208707108731497 
0.2225882002859876 
0.22253232154201663 
0.13721351048275937 
0.08360195567150232 
0.13549623241161585 
0.28016587786901637 
0.20026569877806458 
0.12707418135738008 
0.17043701658229202 
0.11811498425293036 
0.2758283854720338 
0.09239351654403917 
0.26840488165499143 
0.08719637067135226 
0.0853364792249001 
0.19392054482198054 
0.15137162873012808 
0.1786161937614468 
0.07640137507359974 
0.21620145428446677 
0.22081233829718616 
0.09826095373434433 
0.13478096758145214 
0.109007509815765 
0.12191363986614462 
0.06490514773418456 
0.12139204856463062 
0.07034998607258235 
0.11966868385269146 
0.21562423784901497 
0.2209114998201482 
0.06238756093509401 
0.22796143605835906 
0.13620853845805944 
0.20541085459395556 
0.05652663306897305 
0.10055291214060817 
0.05605170601355884 
0.10212242009910236 
0.22368202035896811 
0.2831351441371489 
0.08086398175360349 
0.10147757432147693 
0.1294406165767126 
0.04809950981407426 
0.06466337283591389 
0.07085585355204099 
0.10676297648570042 
0.22259699210047018 
0.13731410912924263 
0.22246240970954465 
0.09875439432217857 
0.12079073917602946 
0.09947785921008083 
0.07633619729507993 
0.17938387133179506 
0.10613300916335319 
0.07696793988765921 
0.30958337366437333 
0.15664012355880816 
0.06855594869807176 
0.09869783928478588 
0.32327070715353595 
0.20068762133655024 
0.05364029728168086 
0.20049648390823205 
0.10438504427819838 
0.09738025062588843 
0.12487225451288488 
0.22459171954788093 
0.1604471483031164 
0.12263947178102297 
0.1728589078622069 
0.2102797445470673 
0.06983760926893949 
0.12172258697450417 
0.24498636212046732 
0.2528013552920172 
0.06308929989682299 
0.2229593163011653 
0.12208533385858789 
0.12382306980573894 
0.061667900197689016 
0.2222395710270826 
0.15929516699586657 
0.3177642415770825 
0.0901912515528331 
0.12083900961900587 
0.2066921770181124 
0.11365609718674617 
0.22102942848556348 
0.1134376544115254 
0.11894090759422564 
0.43274080166976847 
0.2209098936232716 
0.09753021869215843 
0.2207786926994548 
0.11276905382746148 
0.13764109699865207 
0.1382556786456548 
0.03431369109537132 
0.16511391105980674 
0.26720767322516303 
0.25428286056900795 
0.11664945640802812 
0.06363380063799831 
0.22303108794054705 
0.2393785370674311 
0.09293987709212426 
0.2228068121345638 
0.06415987238343132 
0.13776781747854988 
0.09193854014456618 
0.2224997749210956 
0.22246021175592404 
0.14193513754328807 
0.20800604606319034 
0.09856063625685117 
0.22906641497279823 
0.20036545205777068 
0.25089598311295325 
0.3621105765105542 
0.08505116793760516 
0.22090152449217762 
0.08279057263877435 
0.21487465112769813 
0.1326454865656425 
0.22425805328093185 
0.21097877833510933 
0.10197287471622095 
0.08018844916196678 
0.07857667286461409 
0.2235887764034462 
0.09303405095110102 
0.12996195426819346 
0.23750511975254426 
0.3048748497888908 
0.10096097068394821 
0.092945033829465 
0.04013277330602235 
0.18676087997609306 
0.1071205666324434 
0.09159540576971278 
0.10522795949171478 
0.2800525987208755 
0.22111227442972617 
0.10544285172647144 
0.07495512159121698 
0.133097926864784 
0.07668896885119304 
0.17773895665677727 
0.13976203770589435 
0.21982773961181604 
0.0940681035929356 
0.12945929918248805 
0.13907399368595555 
0.035980078086529206 
0.12402587329558208 
0.0721020932549453 
0.16689653598282556 
0.1441465324956876 
0.2238558277683543 
0.1234562651611248 
0.1798023278864943 
0.17530692097553635 
0.13691281352011994 
0.07836778273397534 
0.2232176603882685 
0.13692481772835577 
0.08582155068164037 
0.2824957087068974 
0.2959892841307326 
0.18692953064813847 
0.12025257868568291 
0.097998467350033 
0.05488958030498297 
0.18711601855918225 
0.1356361406132375 
0.1791535934216939 
0.13380541432059775 
0.26422116147477615 
0.09857576832216251 
0.15934123948522236 
0.17369506014150596 
0.08563793701763901 
0.17481965156517545 
0.22336771299121622 
0.07784864299611512 
0.17259101113052167 
0.08592586894194316 
0.24431006869873115 
0.09219865950190144 
0.06897947745343402 
0.0828201604759753 
0.09062940515344041 
0.06433579320976043 
0.15834531288503817 
0.06401286310088142 
0.06316276226975907 
0.22521509300936626 
0.2376593146527001 
0.15982208410807677 
0.09258600655920082 
0.12061016883242591 
0.22101539539706244 
0.12608899091526593 
0.16317624586985494 
0.27499950334701845 
0.08425796029058637 
0.06764371340882741 
0.08205975305991071 
0.06477513032385579 
0.1666206928034349 
0.07197376657817085 
0.25337595109045974 
0.22366283053312633 
0.22360661364244452 
0.5594003306229466 
0.22351835735090794 
0.2544903981128032 
0.013566615113382707 
0.10070093586329067 
0.20886054280155394 
0.12288868590693273 
0.020214579449049107 
0.09820625850386143 
0.0622271103207871 
0.17997004865508484 
0.22238573494285535 
0.2223244458515105 
0.17247714022563684 
0.09843526836379683 
0.22864728212467722 
0.10610350586282995 
0.06852602271415993 
0.15490906600919674 
0.07840768404585777 
0.11979396720906808 
0.07563420472331779 
0.527166495409447 
0.665725068971362 
0.059920780679311385 
0.12551735390054344 
0.2318151250487671 
0.07181712011436123 
0.19612331703325292 
0.14515091276364347 
0.07173368241345453 
0.20195710862582672 
0.20127337597645145 
0.22286767854252004 
0.39800654060275503 
0.43605827451341744 
0.0692674093777382 
0.2166496677497224 
0.33875317699401947 
0.14502250155019134 
0.24400159436174174 
0.04837374679658827 
0.12756694565179258 
0.09162600804704635 
0.14392901962392168 
0.15626216007273536 
0.11283558419282477 
0.1915627323437752 
0.09813381057105795 
0.09718463275365125 
0.24377292264851722 
0.16983088860306098 
0.19813047137228812 
0.09443634536107094 
0.10863825360749706 
0.06557924320230007 
0.15235521297536558 
0.22384382356011848 
0.048879529739369196 
0.10732937222640444 
0.09210220315262632 
0.09205917398366836 
0.29845310560279514 
0.19395748735014287 
0.11452885384749668 
0.14138302850111822 
0.22163919154193634 
0.23729918840562558 
0.033816361820362094 
0.11383370874662962 
0.16400648058171377 
0.1412736380401524 
0.09882878659856956 
0.2146815693557925 
0.15476518458372238 
0.22035254330708332 
0.21895751905139704 
0.13262587405641219 
0.44514106424068944 
0.10941193328196322 
0.20218933087951535 
0.07765327873391109 
0.21028515489444116 
0.1367312287363838 
0.0428892607563412 
0.035062263376555526 
0.050565867386468295 
0.22285981663149237 
0.22269936601718546 
0.0551410769211911 
0.08411771394225384 
0.13452524413135816 
0.13653434281398086 
0.08450303211928802 
0.09207912463960957 
0.09157198910998518 
0.08298263997054742 
0.08310056863596266 
0.053956041772953926 
0.10530167547468401 
0.08283529254128666 
0.07715214530840458 
0.12935050047826624 
0.22110990740275005 
0.08223178519906485 
0.10437929578411362 
0.18535063911841773 
0.0823521654281339 
0.0802372268250095 
0.07258961627533934 
0.09336966156163759 
0.14529834472958195 
0.14498724975558333 
0.22304309214878287 
0.1284889026589744 
0.15322154484860961 
0.09213813124065606 
0.36157884080771413 
0.0989035170216714 
0.17115388760933234 
0.12061710083999871 
0.1947953303629963 
0.19994623467297198 
0.08608750306973811 
0.08505835355521112 
0.07249772490666094 
0.13220767111174608 
0.08670377545029519 
0.08452864673263627 
0.07848968462324328 
0.12908235013654787 
0.22207430182214583 
0.1343292881124101 
0.0698783559475991 
0.07012444221643334 
0.11142475157840544 
0.07599264023683797 
0.0892464696426677 
0.44525721763587267 
0.10858406559708045 
0.180539403179509 
0.16498710604323122 
0.13805481949939916 
0.18778013869932714 
0.23047969915087135 
0.2227044382178485 
0.06952364004789849 
0.22238801743315367 
0.17071708659556853 
0.1340698450484966 
0.16324066281827532 
0.15673784795824905 
0.20686133491022415 
0.15473872460359694 
0.4461866984073713 
0.10354119916122709 
0.10371652823081218 
0.022169912804643765 
0.15150747917121932 
0.08111742271339911 
0.25263490257359233 
0.0629855733932642 
0.23748525363328074 
0.22259538590359354 
0.22256427640619367 
0.22254711546061715 
0.22239773915109115 
0.3116318664388122 
0.07725460376179763 
0.07664044479818348 
0.11321227962873183 
0.10046127438196292 
0.07134777247967633 
0.07554324325809429 
0.11273862062348337 
0.22828183006690655 
0.1728296581717168 
0.12714916539051507 
0.172967622029751 
0.07765336327058879 
0.15432838356995857 
0.06542132868832468 
0.17511620623060675 
0.06303790159677104 
0.2238280997380631 
0.10138077982549093 
0.22572823064310857 
0.24539949286447038 
0.09908205848500974 
0.10698513887474075 
0.0916436762126892 
0.16805629466442532 
0.09131127799590588 
0.22247492113784678 
0.1127864683830712 
0.04815369782449087 
0.06787306141547368 
0.0918288960735672 
0.22819129128507162 
0.09150782577159797 
0.1422081064756363 
0.15481091892636728 
0.1198878874580117 
0.06273145614004684 
0.11038249887883231 
0.059813080951899904 
0.06841054561239848 
0.0670794310850663 
0.13829803152119102 
0.04976048645785826 
0.2239268385776366 
0.09432467240980677 
0.08667444122312738 
0.0503378719666655 
0.08546725746532835 
0.19783163421655844 
0.13775412253675973 
0.15241261337953546 
0.1150370038172537 
0.2667508370187803 
0.21872681845790728 
0.22270934134515608 
0.22270274748429417 
0.01280984277445995 
0.22257653422446264 
0.25920839009619007 
0.15694073598476987 
0.08531348524856108 
0.10094600769199231 
0.16524359032342464 
0.08382225825363285 
0.084276896506395 
0.2214114497321667 
0.20973270770556046 
0.1120950428960237 
0.22096391256033276 
0.23894452576403194 
0.08494710328733551 
0.060418870784420056 
0.033751944871941726 
0.22757104568066186 
0.22012683037757885 
0.08812703495633893 
0.13128994093845012 
0.3345689495937379 
0.048775042405710956 
0.04855211918657118 
0.13044634943151198 
0.22347701891550434 
0.13747608140374845 
0.15189660149875076 
0.04819478264986134 
0.19327088045372526 
0.09954844733597455 
0.15872995476865062 
0.10089756817566045 
0.08387002147654299 
0.18101568282176667 
0.18667532885824342 
0.1571911336241677 
0.13395952468407588 
0.2215010586105467 
0.2380031253209752 
0.17908528778609853 
0.08353914491995856 
0.12655698596310735 
0.02471565031741409 
0.07781220768801908 
0.15669777757301118 
0.2494541255378118 
0.4758109709164241 
0.5195964049932434 
0.07100227107784687 
0.05763541613390948 
0.15449923219562464 
0.22570033353946195 
0.274921645066841 
0.10752050965472262 
0.07178043119623204 
0.0192856904342945 
0.2524823984069908 
0.03288155523816729 
0.08556802518516704 
0.07676987045176824 
0.17865440433977492 
0.09931106834494514 
0.07640729264103993 
0.2439830808293217 
0.2457272415639793 
0.07047383230543779 
0.15001253256247155 
0.13479795945367326 
0.12817518704796654 
0.12821187596609573 
0.1432828212594528 
0.13392427288946787 
0.22417089596620562 
0.07947901736256556 
0.08111277319612467 
0.2402031078218829 
0.04153887186648954 
0.3402908146250143 
0.22327844225954704 
0.22325003793583412 
0.17217965565675067 
0.06915243949604305 
0.06901092509754476 
0.14164703654562846 
0.13563123748592992 
0.16476705707113382 
0.2858107299868926 
0.15917630842699645 
0.19531328658736846 
0.1317204862380629 
0.17978897109141503 
0.08507644440424256 
0.085027920351233 
0.21866941805373746 
0.07893612281826685 
0.07053512139678263 
0.12979203554598226 
0.06539571407497642 
0.05519467317486369 
0.2592468542845513 
0.22965774903342878 
0.06240894871455641 
0.23612497395213616 
0.13419867894533732 
0.12864267487574166 
0.21951918073814894 
0.07420130803601431 
0.22462198367850364 
0.3076761416783997 
0.22422491490326682 
0.13129002547512783 
0.20226321593584007 
0.2241578773178372 
0.1520354107235621 
0.10214084909484465 
0.13104537632981478 
0.006243625406145901 
0.04891655680420925 
0.12289122200726424 
0.15183751036102658 
0.011192487056377935 
0.06384725574923378 
0.4070474846745571 
0.07104174970634072 
0.12129905821914189 
0.30279482483366355 
0.07023290277394427 
0.2222643402736537 
0.08411534691527776 
0.22943347322744553 
0.21062127272504402 
0.06167440952187323 
0.09952807399664473 
0.10581937808902304 
0.27266223328149825 
0.16353146898962184 
0.432905563654639 
0.4328991388671325 
0.11976700000887636 
0.22088182744626955 
0.12558692758630458 
0.1700659005671143 
0.14548889040115612 
0.100154744388561 
0.10284385610673939 
0.05575971632872426 
0.07169716256868076 
0.12866659875553557 
0.31918936089003597 
0.1731672976625186 
0.2157322757231373 
0.09876665214044754 
0.09980417078606853 
0.05650659787635412 
0.1745531074203337 
0.11316569991930975 
0.11635577598963918 
0.070750098168217 
0.09837490917590688 
0.22937717180008596 
0.2219638969210474 
0.06893763179796411 
0.05561558129321673 
0.14269605217941897 
0.1116182560336997 
0.056803913371884875 
0.05497555410622118 
0.09740933124302309 
0.22284848871667828 
0.09853020305287304 
0.21584065174397052 
0.09150368347438982 
0.09165145358703917 
0.2280868884880911 
0.21626544854949856 
0.35196803499142165 
0.2279258461170402 
0.08993062497543153 
0.16108066616592775 
0.08921341580168034 
0.1380375740171449 
0.09337177497858051 
0.23896278568641882 
0.26937054412455297 
0.09968108538331255 
0.1444763100754617 
0.22276986960640147 
0.1135370695445206 
0.0033840877456900033 
0.165334298178615 
0.06210503935816373 
0.16340424128965775 
0.11415114397145704 
0.06262401002266851 
0.2219967816886793 
0.10552831830764334 
0.039366025639128985 
0.1352650245980598 
0.22880849356908362 
0.14130711456452832 
0.2576026159029553 
0.08286200613144523 
0.1867532716750985 
0.060978672664262164 
0.1065041251785309 
0.4108278803653844 
0.05339674711317813 
0.0985682445578457 
0.10883378694305651 
0.09306659757202207 
0.050907480101122775 
0.13712922741507552 
0.13771295317471152 
0.09929796515989901 
0.22331411673754364 
0.23056415129191063 
0.04880158692251411 
0.30339647236897554 
0.2228509402803321 
0.06316766539706667 
0.19365332438371705 
0.22265921109526987 
0.05559478527049835 
0.2819324408232689 
0.026279240708468078 
0.14926412935464278 
0.10582690185333986 
0.0032451094475232233 
0.18749482741203222 
0.2219733650289517 
0.12848416860502224 
0.10682950685106371 
0.08463203508948419 
0.1930757698015544 
0.22855395363247766 
0.09728092002957094 
0.07784678318920535 
0.10696138406830226 
0.15794012858874049 
0.14212813477851602 
0.20700927409622893 
0.13316733147718968 
0.08973323183296229 
0.22018795039556827 
0.2246882604338338 
0.2243862954210286 
0.17501628387754525 
0.10350696180675169 
0.1966485434119088 
0.049277021197994625 
0.07864709191715236 
0.2238952218601704 
0.09383342977559317 
0.08681832264860175 
0.09275364279111367 
0.22364981188475794 
0.15142277342014687 
0.07729830922417733 
0.1497196129741821 
0.1359544212048421 
0.22984787202161436 
0.0848943524004401 
0.22238894733660858 
0.22908949348581498 
0.10571091753151211 
0.20095230567448225 
0.07663444269406558 
0.1268007052049655 
0.13380084934000103 
0.1354974159251039 
0.169314961258954 
0.05189224785984834 
0.1886556005337646 
0.0869363358506947 
0.11487824393650113 
0.23821607321214439 
0.08623671030590865 
0.1733297771570907 
0.24650455631558724 
0.2814948789794056 
0.0782111362701657 
0.07032310340906835 
0.07770890386784889 
0.40575737043591764 
0.08410469529388542 
0.2879302335706137 
0.23677954144769905 
0.26875156657030896 
0.2513069159033357 
0.2363779076918655 
0.18480334866687773 
0.06840344453147025 
0.05744571582911249 
0.12275342722258549 
0.29843197143336586 
0.12342540927375809 
0.13553165327957928 
0.2331672046721731 
0.22960263111955728 
0.16630266582186348 
0.05381892328169692 
0.1844241171306392 
0.11303441445881521 
0.22788974895565503 
0.16439754725283273 
0.4143045357731746 
0.05777143564835616 
0.22415145253033072 
0.18177406135756605 
0.15123577828903684 
0.10121136832334603 
0.09981820387456955 
0.064901428120365 
0.2316751323104677 
0.15057385610251256 
0.15867948637205354 
0.11526440748031247 
0.2224277496716807 
0.2739290999337655 
0.22291603352217418 
0.15895921823861917 
0.14998734063251187 
0.15022463508686357 
0.37781191180964707 
0.2649042178307297 
0.105504225354494 
0.0764061091275519 
0.10346968113187847 
0.22171992406915608 
0.17127021007787097 
0.3076424115439906 
0.04323949621212281 
0.06490379514734108 
0.25395857787328546 
0.17469318469531078 
0.07129273910248254 
0.09459527431517895 
0.12122179169570854 
0.12094848461664941 
0.23048882911206478 
0.22316550125811713 
0.0933314509833095 
0.06297433001512784 
0.10663059204839556 
0.16384991865458187 
0.22204200881125793 
0.23639050365684536 
0.4042475453718916 
0.0983620596008939 
0.15076854407129486 
0.14185626482297808 
0.2279886568685839 
0.1716389590660726 
0.15473576581987686 
0.12064854848410943 
0.06614496264958238 
0.13830707694570674 
0.11509702485843276 
0.11567677739421608 
0.2603498043187253 
0.07262157113951638 
0.09938165647083887 
0.05735729046422049 
0.1580678635087709 
0.18760058279585617 
0.09202586653264785 
0.16586206065760237 
0.4271470097052333 
0.22252648851125417 
0.10576231583156405 
0.08570962412034304 
0.057480883087042765 
0.09787445204382213 
0.149742945097232 
0.22192932141986113 
0.05445244114450827 
0.15009411045646848 
0.08963931158401868 
0.06978832438583048 
0.10582884619692734 
0.0827813581409032 
0.08174984159940013 
0.1330764545486439 
0.16514502055720662 
0.2351375855564014 
0.0976116275127999 
0.22765676587186692 
0.05953698416247612 
0.2589755760857574 
0.22506225069605387 
0.21725359777533282 
0.05943630097931514 
0.15161653148547427 
0.15108538753937825 
0.137361196058731 
0.22357685673188812 
0.20159258647151093 
0.049999133499053404 
0.2232855433404753 
0.28978547549979145 
0.1512767785777296 
0.42745015823152654 
0.12778276779000414 
0.09942722174012834 
0.22213888784392163 
0.06356059187509537 
0.14211697593705738 
0.12953014091841492 
0.13713480683580484 
0.12931964459089954 
0.14145116506335814 
0.22867374210480268 
0.10612320290873802 
0.42569703660903097 
0.22846155504373297 
0.09057944397690966 
0.17771596268043827 
0.13328103330871907 
0.22743274367591682 
0.32249136352166274 
0.09748397712944722 
0.22468132842626098 
0.10055113687037612 
0.22440988115411165 
0.22429059990185293 
0.22425095220000363 
0.14417417598930105 
0.28178086656012225 
0.12977216942671876 
0.19550045079183392 
0.13015571233352088 
0.08438087661998692 
0.09160597285442743 
0.07141700801872657 
0.22266022553540252 
0.4125389872590547 
0.2224119413129476 
0.04152154184755755 
0.22218521394331056 
0.12154920224850656 
0.14245165664413906 
0.12711239193570817 
0.17290886903873767 
0.054349898154437526 
0.1266307864827543 
0.2210966351443485 
0.24244747207859207 
0.07632317864671151 
0.22589164004113557 
0.12185657760868564 
0.1144265644674591 
0.12994394795583974 
0.14708612638994148 
0.16646658243995677 
0.11497368584564363 
0.12160812431287532 
0.13121757754232435 
0.09283336087820082 
0.2305106395749158 
0.12896112454070166 
0.2398777261493501 
0.24365490944642426 
0.2465485153880001 
0.27265386415040427 
0.22047233177940834 
0.16609597364484538 
0.28241117202918037 
0.15973391235321793 
0.2827327495512159 
0.07845443282863528 
0.15773724056221966 
0.2232315244034141 
0.16054884592640997 
0.05594265369930388 
0.01887653291414413 
0.2583890606157567 
0.2436418062613781 
0.07649816956958574 
0.08230609293877812 
0.0677530193331155 
0.1669420167154373 
0.05892832008291357 
0.10790954744557635 
0.22332645909249033 
0.10135541882217583 
0.01336059922978633 
0.22300386713032216 
0.22293420890788337 
0.06516873309530623 
0.04957814084402265 
0.06976541494616915 
0.0756968464015061 
0.09727077562824489 
0.22126841367346947 
0.05547508133485105 
0.07611175241574124 
0.1215985716682933 
0.4116077312173239 
0.22073388826026477 
0.07020145512983354 
0.24249743325512282 
0.12537685394217776 
0.10338320011057398 
0.21973441111961645 
0.26923342563329594 
0.12412021622791428 
0.12406036426009062 
0.19496448825510804 
0.04346013694096424 
0.014327022529447295 
0.1004150328192517 
0.050497223604162075 
0.12204974391726903 
0.07072685058184482 
0.09863249243291063 
0.20057298960156597 
0.06375156023005811 
0.10442088782955039 
0.0986546410424725 
0.06178405359287221 
0.10500435997915326 
0.5494267779225703 
0.1640233033805795 
0.11141680513070004 
0.1116723595074386 
0.2713340775378862 
0.08702315501871008 
0.1963099740176521 
0.22420420341722613 
0.42866528843703094 
0.11498053331653872 
0.19551338490352466 
0.2607472957773507 
0.16635575485546975 
0.14386282740526926 
0.19656781088468903 
0.05665994740973279 
0.0935301121759445 
0.3908181332864437 
0.3179011064583063 
0.09861355621710202 
0.14432828635277917 
0.20838865906653756 
0.6387560935094008 
0.22219823259167898 
0.2232656772212118 
0.20725265519137626 
0.09070540362670802 
0.06106312480530146 
0.16487036089130402 
0.010365802884983202 
0.23600417103967855 
0.16401924562004908 
0.16359419520448787 
0.06184280658388553 
0.18545284396177758 
0.10384367139409857 
0.1853847073995377 
0.13561881059430553 
0.14658744452808878 
0.21883257384173127 
0.21043774359772038 
0.22375768068552485 
0.21790495287714245 
0.05778445429672458 
0.18086791270911734 
0.12729651281977583 
0.14338333536925832 
0.157050633665802 
0.22111134452627124 
0.05348762404172392 
0.287602738481138 
0.22803954794856957 
0.10578767683487915 
0.08325239650914244 
0.17784251408698065 
0.08034357396557751 
0.09384720925406102 
0.1016641467691984 
0.13722678274116096 
0.17395112173831082 
0.14985698507547224 
0.15047207394254128 
0.12780998860022902 
0.22226915886428356 
0.2367732011968703 
0.18559672538725197 
0.12085718500471503 
0.08324994494548864 
0.08445712870328767 
0.0701341639343708 
0.09786828086634879 
0.07549311300820809 
0.0763356055383359 
0.13284228795136774 
0.17488685822396047 
0.013134801763604171 
0.1727436843704786 
0.23720509908332654 
0.11126091949698987 
0.08098740530307033 
0.22399920197376236 
0.12896518230123208 
0.12946335694301847 
0.2891998053965679 
0.22299473716912874 
0.2669073989459122 
0.26951510184344907 
0.368672397971627 
0.23528451030227357 
0.2800784669442569 
0.07611276685587384 
0.07867093126026857 
0.2755805239329675 
0.08020603279093191 
0.1658329800404677 
0.22374415481709012 
0.23102842672593252 
0.22445012061270495 
0.13136179711450957 
0.15116020249915782 
0.06467292548049591 
0.06983143809146615 
0.10671563594617887 
0.12137006902842419 
0.07162192492551261 
0.07132934348393402 
0.31097281849933023 
0.22254271955337582 
0.07102103822030005 
0.09821200699794617 
0.22966890787488742 
0.14979831662113663 
0.12894869764907727 
0.21697978347620736 
0.22904840866044449 
0.16459992805928728 
0.2149379690993082 
0.20980507110168622 
0.06966354824952016 
0.1565101061484794 
0.07421829990823543 
0.12731688615910564 
0.22001735537993533 
0.06405411699960732 
0.4244031182198943 
0.39941635877704174 
0.2170589098065505 
0.22382328114743325 
0.14445348517247808 
0.6252833986449616 
0.22337836461260857 
0.07204959597808303 
0.06939412985763602 
0.2224391621231725 
0.0725000073969593 
0.25141055787021677 
0.10510690296922401 
0.22275879530162054 
0.0633099406256644 
0.16340212787271483 
0.09745236041198105 
0.09205993481376781 
0.14389892456665443 
0.15712012281488538 
0.060703843925004136 
0.22060809768382184 
0.2195015971091838 
0.14612688870788648 
0.07173833193072895 
0.11787430833147 
0.06652503955259809 
0.0667947960911931 
0.09253714435948038 
0.16554614709297386 
0.2237793220750204 
0.22344058360740832 
0.08593339270625998 
0.13591798589674606 
0.13651904167531406 
0.22263080677155697 
0.2973209058781311 
0.06384404335548054 
0.15659912327011538 
0.054293765800433415 
0.14969602724109904 
0.1349174097792874 
0.22100990051301084 
0.22830752921693254 
0.14015082188671493 
0.039978578405866515 
0.13349203685630076 
0.09665433417433238 
0.19320832331221469 
0.22033005655081056 
0.19825203511484518 
0.11220975916768569 
0.2902663201226458 
0.13656562138473616 
0.10130985355288635 
0.14397712099354268 
0.09263562958902072 
0.07792793839981368 
0.1428537976200389 
0.18728306303435108 
0.1424096419153137 
0.15098149196246402 
0.22268524839200673 
0.03610629134636072 
0.05621815873198365 
0.04074617143953704 
0.2442284062680565 
0.08409049313202896 
0.15112900846508023 
0.22935417782374695 
0.07816362665728872 
0.10655560801526057 
0.15117499641775828 
0.07506958425284582 
0.09872243945800156 
0.14842358116810245 
0.10532821999148716 
0.1504871214711749 
0.22779658953681087 
0.09011812732660787 
0.12509568495209095 
0.08808113154033857 
0.224707619333031 
0.13756687379561652 
0.22401754643282695 
0.24640607108604692 
0.2542384788132065 
0.09204657801868853 
0.3919406958298479 
0.019148656479715212 
0.12184330535028406 
0.15156885279924187 
0.07115130924066197 
0.07093075304849827 
0.150463197591381 
0.1794298592844731 
0.40512554330666056 
0.08323912425074086 
0.08484861805779519 
0.12176527799675127 
0.1229650225269112 
0.28242148550386187 
0.12059503676711456 
0.17855837067388836 
0.12082201774678475 
0.09718801422075993 
0.1393947258412139 
0.13199193351021224 
0.1541616772415006 
0.13906545548150612 
0.13239213014252463 
0.3490873631615365 
0.09244060347352756 
0.12119761420588147 
0.2258411716445385 
0.17448302651450628 
0.1868927571933316 
0.12131021706060054 
0.1735569272101163 
0.11525054346516687 
0.17192469303675614 
0.29764408959704325 
0.08432043289541925 
0.0710704921767645 
0.1440521895633554 
0.09205773686014716 
0.062230153641184914 
0.11876853730836064 
0.0825757649406954 
0.36654782218724286 
0.07441349509708403 
0.11773152588280597 
0.21886554314604093 
0.11505763076661664 
0.12206927188982167 
0.10606132206064915 
0.44261375572366146 
0.10516726215711396 
0.1258727460936658 
0.13643467407095247 
0.053040594089956324 
0.0679521032091391 
0.2206765723927726 
0.12721518853581207 
0.12301701258370717 
0.13148530520065416 
0.2246497117087948 
0.021243813500253818 
0.10816281933201655 
0.0796316906025225 
0.23087837412298481 
0.10002684039517516 
0.07882715504068961 
0.1204035611920855 
0.1060690148983214 
0.13100251623421225 
0.07084562461403723 
0.22251727401338303 
0.2326421473668727 
0.2218908572314999 
0.2085820789851541 
0.24356310261442357 
0.1711045181895456 
0.22861862419093118 
0.0750257097171107 
0.27201823287065 
0.11895434892598265 
0.35341479569387074 
0.11165063358126531 
0.2507868462620206 
0.126664939300552 
0.2218426713252012 
0.09632895250179957 
0.062416387942195506 
0.2241768135336458 
0.15100634574571284 
0.2751190382093103 
0.10636218809664402 
0.0983625668209602 
0.26657254916547507 
0.2685791117477662 
0.09979098306434467 
0.10662560438441025 
0.07009908121311824 
0.12292909443888148 
0.11320306513086068 
0.09028787697546366 
0.07657374535946475 
0.07155809973383627 
0.04797338109092046 
0.0769554284593571 
0.22820253466320797 
0.41064003986749725 
0.06152883736284453 
0.1507195973348967 
0.09853967116077736 
0.09787656546076505 
0.2247232586184086 
0.06459760330065004 
0.1597714466381243 
0.11575886250827931 
0.22365395418196604 
0.14356593459312708 
0.09209087523781226 
0.013785396035314352 
0.08486738520024836 
0.1496292432657026 
0.09838344738035629 
0.0906045513701916 
0.22157452098348282 
0.09911105456546669 
0.22853451019660276 
0.1442702941918653 
0.12004977519583979 
0.14397593748005463 
0.14187892065260627 
0.209542246570664 
0.14267821494042066 
0.0959719541118006 
0.09777968642810134 
0.0949318148291704 
0.22398144927144176 
0.09393309851862153 
0.4368075230880234 
0.3403791554532286 
0.10920490295823425 
0.28877695293462735 
0.22296354313505112 
0.15014863661359595 
0.4344092175411916 
0.09876918824077907 
0.22178518638435363 
0.10616141348706609 
0.09010764477857096 
0.22813321458748004 
0.2208268786057535 
0.08824225844806721 
0.22441748945510617 
0.13035724777319824 
0.17457990554716998 
0.09217803255253848 
0.0936289355521957 
0.24506844723453053 
0.09169152397227705 
0.22415576390089426 
0.17100442676312866 
0.07571231661352833 
0.2213096675721954 
0.14099322988016505 
0.22896708437648072 
0.09716138516727907 
0.05368975123814532 
0.09702130789230197 
0.22412676782043736 
0.2238846547754558 
0.07855131186129899 
0.09260680258191921 
0.06573707317959775 
0.12081981979316411 
0.07721233542293911 
0.08432981646664585 
0.22359875173141686 
0.07748953118917322 
0.033580250879498466 
0.4197284935521763 
0.2588521525362905 
0.12182081859401135 
0.221960430917261 
0.23063693737142502 
0.3967265707654416 
0.2727706938390092 
0.23018221458198515 
0.07673715475749175 
0.2424640412674246 
0.12541954496442487 
0.24234256206154525 
0.22363637055300092 
0.12133050586325263 
0.32644015627450246 
0.22518601239223157 
0.23036109419203435 
0.24492558024918878 
0.15877568911129553 
0.08527899428405254 
0.07776131660803343 
0.2160555439787272 
0.12250395948664258 
0.07621674696946579 
0.054916293895141556 
0.12651590113773686 
0.15185441769656996 
0.0 
0.12234038101526014 
0.22372952997184506 
0.23306694417240073 
0.07802329577227847 
0.055387501336736214 
0.06229634585983735 
0.033896671664193266 
0.10764384866751175 
0.06932413348848632 
0.08413665015806245 
0.24404699055767579 
0.2586859534278989 
0.22203575309710685 
0.06905970276058748 
0.054794476542551325 
0.22183244238719743 
0.07568002360264042 
0.0534378319385486 
0.25815227338147134 
0.22818993869822818 
0.22818926240480641 
0.07653908532160078 
0.21416048527434478 
0.059974968689727993 
0.22726705178759146 
0.05737292974959813 
0.16834929878939253 
0.15267958020776579 
0.1218330764122803 
0.10095107989265532 
0.05048479671253768 
0.07354783951726175 
0.06369771036635238 
0.11333950732869594 
0.06937308022488448 
0.22268972883592572 
0.24418233377870074 
0.06458813519274574 
0.1057049154273942 
0.16337389262235735 
0.06802700270559636 
0.10610714093997177 
0.14837826950884614 
0.09732851417912562 
0.05327061839002433 
0.2229315037341964 
0.06203639557585751 
0.18908994998387463 
0.10877275146174484 
0.22381279859939632 
0.1370486639612112 
0.09946949007898685 
0.09394417282340245 
0.2101784696071623 
0.1130899550560753 
0.0557187160400315 
0.22322281712560924 
0.1131942733163781 
0.0626393111613353 
0.09335993984370014 
0.22256131762247358 
0.22243299094569915 
0.4411874528972199 
0.22148415127500332 
0.49127053131724635 
0.09158424692825413 
0.18498687779420137 
0.1561789759818618 
0.22704793271894894 
0.05774962518550517 
0.05217992617411935 
0.22419033940208052 
0.19426765242068664 
0.10021003137578793 
0.19584578312030795 
0.22995016140165195 
0.08469222520401871 
0.22206956776819364 
0.22172026221586696 
0.05554245706699151 
0.08395836230475726 
0.12844113943606428 
0.08424451895882938 
0.08973602154332695 
0.09818968931502889 
0.04124620588823321 
0.23533497869887063 
0.2206118172976414 
0.08975588766259046 
0.21997195918400128 
0.18862973231038319 
0.450791495779295 
0.043169668916328556 
0.25585448194444504 
0.1375314529276531 
0.08750323881146505 
0.1365613945508503 
0.04863648679093276 
0.07741302549583932 
0.18873405057068599 
0.22313667425101563 
0.08608437521266259 
0.14565745653652387 
0.3982534722383664 
0.3275744694161094 
0.135430462876352 
0.17992160913875302 
0.142670353029393 
0.019632206276256562 
0.22225284328548417 
0.3400048270442977 
0.22380138614790454 
0.228601040561966 
0.49863900175709486 
0.08946584232134336 
0.1276112428709163 
0.16940710623766558 
0.08162455824302352 
0.23823289601101008 
0.22360627549573364 
0.1648419565675911 
0.23221675880460066 
0.15156521772210005 
0.34698578135349145 
0.08599493540763799 
0.2225102574691325 
0.17174555981667378 
0.2450069890698303 
0.0834812372957224 
0.4547879672183672 
0.23556153699515225 
0.08384491408326102 
0.14096702351007276 
0.29197615896615026 
0.13683766041362952 
0.0778818659104579 
0.2660764879406316 
0.20821324546027473 
0.2278618518520084 
0.0011839361714268569 
0.22406344984882728 
0.3116581573455821 
0.22399844114366288 
0.05678844315986266 
0.2312756965082548 
0.1653889088724202 
0.2237206536206848 
0.2236764409382388 
0.23060599694738057 
0.100397618263642 
0.15116493655310997 
0.1288887611445759 
0.16459747649563347 
0.10022169743731289 
0.23688834015192087 
0.09899084340975307 
0.22204251603132422 
0.15619317814371828 
0.1055593432683655 
0.2729545611130437 
0.12168065678235652 
0.22858988172050737 
0.2070496826281777 
0.0529624821997458 
0.22764509981034198 
0.20969162288019 
0.06586176477923035 
0.09418814567529378 
0.055143105801456316 
0.0638861426209836 
0.22258236725522512 
0.12827815272142587 
0.0181909404578591 
0.16605429706273087 
0.267102509598083 
0.2216897444752111 
0.05565954036562958 
0.14111555445282156 
0.14756528027924157 
0.14023476680768793 
0.2015173488283428 
0.07537831219986837 
0.2195539253126906 
0.1371952505603725 
0.04257360080174585 
0.3726522156851888 
0.10176347736551587 
0.05673256441589171 
0.08601446338019061 
0.21127042987323302 
0.09162761424392298 
0.09234118834053234 
0.15727288059152006 
0.20795168897941826 
0.1415970753690977 
0.10484078150777082 
0.14810056652254572 
0.11317482988050319 
0.10468819280449161 
0.11438412705524514 
0.09677547523350087 
0.1411728703203137 
0.13469195045981613 
0.1626472153407018 
0.19211078362541462 
0.18355000788304518 
0.08106129035939501 
0.46701695848023345 
0.31248534873704314 
0.18202293733676497 
0.005822379141081994 
0.1438053424644217 
0.13144751730571463 
0.13037702935578402 
0.1598937712107808 
0.15821504186467622 
0.18109455554207665 
0.048642742505083825 
0.22293581510475996 
0.22289929525998622 
0.23004315174714066 
0.19536400859399866 
0.04026059276273048 
0.41205137970198286 
0.3407716592478688 
0.17794700142063888 
0.13426985882797507 
0.17928504795554387 
0.09883225260235595 
0.1407039453690174 
0.08320497143294318 
0.22801038279475722 
0.2204737689029295 
0.4103768771897641 
0.14887965654438576 
0.15517527200732764 
0.226974723956046 
0.05214661872309884 
0.07828891001366536 
0.40621369942223406 
0.09169887866323843 
0.08548458748426033 
0.22338960799074495 
0.1359613532124149 
0.08582890537260175 
0.1876261128725267 
0.1425804905409798 
0.14912176958936732 
0.02577776913625072 
0.1502566744877183 
0.17785612449209307 
0.12005248036952673 
0.14779040145200198 
0.22042837270699545 
0.24917591533144506 
0.15010856622835808 
0.09309288847879207 
0.2239567645615484 
0.2896866521235402 
0.32616050894461457 
0.2188093262553591 
0.12107469787648092 
0.22270418460781533 
0.14207343954803311 
0.2240804417210484 
0.18567948679473692 
0.22151805048276782 
0.25023363824304046 
0.08399488214953102 
0.02485150075850534 
0.13155115927259572 
0.23866927434138532 
0.2319248536564438 
0.16814717159297113 
0.13769207261531544 
0.019865781116788685 
0.22949121177832627 
0.42623004036203677 
0.07688120525632154 
0.16400986204882248 
0.22005117005102212 
0.05734215839890914 
0.22452366752231875 
0.11605372644015627 
0.10757013268454252 
0.17423787014912695 
0.07273561111775663 
0.2241053800409749 
0.14332229988794665 
0.3269638609929594 
0.21724201625048556 
0.1007383010748416 
0.0648884940086743 
0.09929306203259143 
0.12230724263759507 
0.2229069880976585 
0.09959189918832109 
0.06965889873224572 
0.14986645318337655 
0.10642685865509754 
0.11957467906707013 
0.15671248695493392 
0.0156383554741937 
0.13678364147656835 
0.08551366810139498 
0.2240331011815269 
0.05777135111167844 
0.08631896449332731 
0.10844965227951038 
0.13681559634074536 
0.40114766993668627 
0.29734237819427123 
0.43495194301213486 
0.4082827346093581 
0.14265192403365068 
0.0913778928979469 
0.06289495007475156 
0.047664145923831606 
0.26643255642717567 
0.22982944302587205 
0.15001008099881777 
0.1140838527759943 
0.25360808880747066 
0.09841946000506374 
0.22209112462101152 
0.1423409981330075 
0.2284815902363519 
0.2520306344012711 
0.06197299306756975 
0.1499843818487918 
0.16476080135698276 
0.1486904634596551 
0.09742767570208768 
0.23456704751848925 
0.18175318079816996 
0.2462012387159386 
0.25404395991777967 
0.10741568417435352 
0.3845017218007834 
0.14368014364472279 
0.22355513080571487 
0.14301788331148765 
0.24630995288348267 
0.08523875482545924 
0.2303025948110542 
0.30525120707808695 
0.10795908593871852 
0.03309162888229409 
0.1589395211927111 
0.1274557799205947 
0.3634391549375549 
0.13663959097773853 
0.15777198513676133 
0.20760661026097743 
0.09776675231641065 
0.15037663203339877 
0.40395580929709024 
0.1933530501044662 
0.30924463519676126 
0.22106256686322853 
0.20972019627725833 
0.026035352393254482 
0.18479481046242832 
0.2279318482211581 
0.24967857041715047 
0.2288943828336441 
0.3525139728561182 
0.30371221686024863 
0.15580016712901187 
0.1782754264135695 
0.08661163047158363 
0.3194896351692868 
0.23952901235376742 
0.09988464970325513 
0.2239980184602743 
0.10118127326607877 
0.25506440215450177 
0.12136237619075194 
0.2226464460569346 
0.10034765708711126 
0.17330280995689898 
0.24402847702525576 
0.17950247629063204 
0.3163673575144864 
0.2932693165251875 
0.16898636719266796 
0.2708415668535068 
0.23927337344035116 
0.11486091391756914 
0.39232956454734624 
0.08738429570591719 
0.23842268085248478 
0.2161599467757077 
0.282985176070879 
0.16698369329755178 
0.12100875926786166 
0.222578224958017 
0.21819846422217593 
0.24350392694002165 
0.2829293818635857 
0.3719066867244024 
0.29591463824430847 
0.17226613667805515 
0.06930866327646411 
0.1275631415012953 
0.28871929892042436 
0.06009391179527584 
0.1365002745328609 
0.16244026955365057 
0.29278762653555596 
0.12225601341089855 
0.3341507466490718 
0.10171655950938294 
0.10118947332381734 
0.1512104172857217 
0.3988493712795937 
0.07799227081155634 
0.17351110833079372 
0.13704054844015034 
0.20197697474509022 
0.12989686102635137 
0.4493450732235568 
0.42742234566455767 
0.2533100970185182 
0.13616618558252322 
0.2226329201884999 
0.48615673860878833 
0.22255472376161164 
0.09894401009029785 
0.22235859866930816 
0.25151360808035383 
0.09869124542392398 
0.10571201650832243 
0.1723487290121847 
0.15792761716043835 
0.20749062593914966 
0.0982672094484954 
0.09743215614600667 
0.44777987663562624 
0.018995137872981106 
0.22106603286701496 
0.1565817932511834 
0.12108619486465046 
0.2277242261406851 
0.07721233542293911 
0.25836183980553185 
0.309104896068495 
0.17429019835263376 
0.23160285345101966 
0.2471062038508993 
0.11500792320011903 
0.4893409816483554 
0.07302278221196135 
0.17579867082981626 
0.09430565165732044 
0.0928238082336188 
0.0933527542260942 
0.09970805258350428 
0.0994443826857049 
0.16765254749164885 
0.012960571670829396 
0.10010241618505418 
0.10852979304998611 
0.09268761964581669 
0.2235328976594753 
0.22319492002196262 
0.4586403881586094 
0.0058040346820174005 
0.11416365539975916 
0.2226846566352627 
0.24447711317389997 
0.04773253609610468 
0.09190692342710001 
0.31736353772470377 
0.10590120959305313 
0.2162814259815871 
0.2222804022424199 
0.1056209705064212 
0.09159768826001115 
0.1414717920127211 
0.15512362009724256 
0.2811168309566551 
0.2137095666354022 
0.11978720427485072 
0.20832593285167153 
0.09634357734704461 
0.14099652681059602 
0.3212250886261395 
0.10222935899641439 
0.11394588891796012 
0.1361942517595253 
0.09334590675519912 
0.1589405356328437 
0.09212401361547733 
0.22285888672803747 
0.1498096445359507 
0.14274381540232908 
0.22237956376538195 
0.23669314496307228 
0.10635982106966795 
0.165068430327195 
0.4585889053218798 
0.3899335414908128 
0.08291129101455427 
0.22839502467836964 
0.08998464391249271 
0.09717499557239151 
0.09770487146832178 
0.19941111750302326 
0.2946134497008881 
0.053232999568440256 
0.10475387780307772 
0.22050411757022992 
0.10673389586856576 
0.2352298150717907 
0.10400471376514951 
0.30064624063280776 
0.16351921117135287 
0.08451850233131024 
0.219614453573936 
0.2842576221438755 
0.19670222420225908 
0.1887837581371836 
0.13138960968147848 
0.11587357877994131 
0.09400842069846739 
0.056585724206697254 
0.4279888259419394 
0.09366697705716835 
0.10749962909532652 
0.2887798271816698 
0.30326434154170384 
0.2882586585635443 
0.2296226663121762 
0.10006150043303913 
0.22248709441943804 
0.08341048009647326 
0.23826476633850938 
0.06194830835767638 
0.23644562157071686 
0.22139741664366566 
0.05429249775026766 
0.22860290036887582 
0.07696464295722825 
0.3162165440814393 
0.20828713051659942 
0.053866771041284754 
0.03974525717536753 
0.1338300144938134 
0.10457542087641711 
0.10300329228091369 
0.2275241278245289 
0.22012167364023813 
0.09830423651333545 
0.10490934075339932 
0.12191913475019624 
0.13087545760760358 
0.08764221710963181 
0.12948651999271293 
0.08431645967156656 
0.12141952298488866 
0.29800979526484705 
0.25978924160878375 
0.25288918890016515 
0.09886091053610203 
0.29601861835790044 
0.22447945483987275 
0.0995481937259414 
0.18079352043272634 
0.24471246328466417 
0.24485685193020484 
0.1279252120919573 
0.08449364854806142 
0.142758778394285 
0.07120135495387045 
0.12897600299597986 
0.09865413382240619 
0.12056908400705543 
0.1497102294029555 
0.12597030141975124 
0.12012907059953834 
0.08319939201221387 
0.2415296573686184 
0.09401864963647116 
0.2530622354794519 
0.22194563699866054 
0.07038236362014796 
0.12169604245770102 
0.23547953641776675 
0.23531249194259793 
0.2809912939902453 
0.21392293720995997 
0.1116113240261269 
0.2496349494914485 
0.23169973248368336 
0.23148889800945713 
0.13253448990780006 
0.16612361713845883 
0.10611500285099947 
0.3286387861885667 
0.11547558010124959 
0.2821332154328468 
0.23155483661807638 
0.1572782064022162 
0.20880331147073955 
0.23107914873256274 
0.22853645454019023 
0.16340018352912733 
0.15583415087345412 
0.08234607878733828 
0.1627283705513102 
0.11050558428158828 
0.2204579605441964 
0.11799680197748197 
0.16252303096113555 
0.1094287560808289 
0.06363946459540536 
0.11727519689648949 
0.10836410116166076 
0.3773685169350213 
0.11542714058491772 
0.020926970032170433 
0.2257339791371933 
0.07165776847686463 
0.17358347172691949 
0.12078262365496863 
0.22235208934512396 
0.22986942887443218 
0.12011613648784765 
0.2305600935313802 
0.09722952172951899 
0.06309665458778436 
0.11222700464993995 
0.0626825094036487 
0.0777138915318342 
0.13504227045227546 
0.15606916283750738 
0.062469899659190385 
0.32622027637576045 
0.11937052299038353 
0.061993958163643566 
0.06890804396076315 
0.20639773576962403 
0.20040788946998464 
0.17055562154112902 
0.06930257663566848 
0.19866195346509502 
0.2533696953763087 
0.21850803753597567 
0.16665670542814234 
0.22376013224917862 
0.06495071300347403 
0.2991921252393973 
0.150755948106315 
0.2463060641963077 
0.22276192315869608 
0.26640034795296547 
0.22256968675356759 
0.09849452857487646 
0.09980924298673155 
0.0631728221344074 
0.27336414131658265 
0.1644621332746085 
0.4647040349778958 
0.266743144181108 
0.15579027633771897 
0.2505274877347848 
0.0899836294723601 
0.22077455040224667 
0.11849328588571402 
0.2205428353686243 
0.06667720557248873 
0.0971004342226451 
0.09697599623304565 
0.1121387483584034 
0.1409095385692252 
0.06553283256623342 
0.11773786613363474 
0.260559877962852 
0.22395203050759627 
0.23845429756995093 
0.11543094473541499 
0.05811812056367366 
0.22304241585536114 
0.2163646100724606 
0.15780038946047426 
0.43466451830789693 
0.22973619907035017 
0.2002388161145506 
0.16443009387375376 
0.19260439328660425 
0.22894425947349714 
0.09083761899065743 
0.13448906243329528 
0.11139829159828002 
0.14074232502070094 
0.08415643174064823 
0.20833151227240085 
0.22096120738664585 
0.09001000491580781 
0.0896930769110467 
0.22773825922918614 
0.21368674173241858 
0.34401457074177133 
0.21884288731641274 
0.08756224541251151 
0.14499130751611375 
0.24743674226077284 
0.2241460421829568 
0.22399379162638847 
0.21817961254304502 
0.10817828954403876 
0.23111448506384846 
0.1150663380444215 
0.2226335964819216 
0.20225831280853246 
0.08475613493237277 
0.14302134931527405 
0.149301410029516 
0.14336262388321766 
0.20886941915271426 
0.2222022903522094 
0.12794989680185068 
0.14147001674248905 
0.30204836596942225 
0.22152270000004226 
0.13458129194868454 
0.05549799077451236 
0.2212828694453591 
0.13527677519626247 
0.22841269284401253 
0.07812254183191826 
0.2591502288619208 
0.41146554052540396 
0.14236500654947912 
0.08932382070277876 
0.2273839660128741 
0.14089973231461 
0.07975883376580889 
0.08695112976929519 
0.2241607515648796 
0.13673545557026964 
0.09334277889812359 
0.2248448223609657 
0.07800300696962639 
0.1724877918470292 
0.18742694445982544 
0.07136560971867462 
0.2531672300331764 
0.22257399812413112 
0.1438689985827426 
0.1436121761558383 
0.30256395516681833 
0.1270857628822273 
0.09848438417355043 
0.1270529626512731 
0.07533942532811855 
0.1266635021770308 
0.040727404297083866 
0.08382487889064208 
0.3814168938942117 
0.2420592796545155 
0.24192875502412045 
0.2195602655635194 
0.11581009173497582 
0.17303550498195777 
0.09237770818530609 
0.18638655156716208 
0.16620477234906716 
0.16476105496701593 
0.18788192085929845 
0.23752008274450015 
0.12079614952340335 
0.34678779645427815 
0.12981748108597507 
0.16483172762958734 
0.22222934208907885 
0.09273766535902515 
0.08459855856510824 
0.12111595177520684 
0.12074593473683944 
0.11889610315503561 
0.3972831602515305 
0.13889367695238514 
0.10883683026345434 
0.13025132331601882 
0.21711766279756384 
0.08043326738063526 
0.2232211263920549 
0.3932679216700051 
0.0792373270009726 
0.07094622326052048 
0.26821526588687217 
0.07569160512748765 
0.11385898521326702 
0.08328316785983143 
0.026279747928534384 
0.12712160643357934 
0.22140680021489226 
0.1113251673720548 
0.2282623020943539 
0.11283127282226121 
0.18480588476720922 
0.12008891567762275 
0.17427980034127458 
0.1154185178437906 
0.1072273364564 
0.1143650217660811 
0.23149895787410546 
0.21628328578849684 
0.12956581539641152 
0.07666622848488718 
0.18074736340669284 
0.07277830214000373 
0.012669004669383394 
0.09974431881824487 
0.1302890266742806 
0.07010575961065788 
0.2230585623608051 
0.1640967657535156 
0.22260519215820873 
0.1568733602526294 
0.15122884628146402 
0.003164799603692055 
0.27362857204448154 
0.02585376760951832 
0.25114866324264945 
0.22165153389688302 
0.21694385538817762 
0.10547911796121204 
0.06942515481835815 
0.15775186540746466 
0.09664782485014818 
0.10726182742090855 
0.2205696334954606 
0.2278548353077579 
0.15641804570644555 
0.22774924899728932 
0.09708750011095439 
0.09689737712276882 
0.09939408336246326 
0.22003832047600913 
0.1694400755419752 
0.2176370561454572 
0.09360881582289904 
0.20173638336030758 
0.15070142194918754 
0.14461334403004095 
0.22329053100446056 
0.1430405391411158 
0.09945520338045268 
0.0626258698295783 
0.06492645097696925 
0.165029289845412 
0.14961690091075588 
0.06954452060729459 
0.2164423838159603 
0.14300351207627576 
0.31003446137667134 
0.20785996668409534 
0.174435009681563 
0.11995830651054998 
0.1492702159954384 
0.24519660483794956 
0.1932352905124064 
0.16483527817005145 
0.2206913663113731 
0.2211909780766807 
0.162475690421614 
0.28574935635887005 
0.146681787460421 
0.24153853371977868 
0.4114336701979046 
0.10936171849539932 
0.22434876113612223 
0.2486867015774967 
0.0945464121154585 
0.289981262445384 
0.05136397816079468 
0.11514732418167441 
0.10743555029361701 
0.24598389491752812 
0.050407614725782035 
0.22377399626432423 
0.05792300991150278 
0.22370501433530712 
0.16707051246556714 
0.0654029842292601 
0.13884253226236634 
0.21159953115958538 
0.14391997419940597 
0.37218422063734735 
0.15850567896266735 
0.22222891940569028 
0.2730138213241234 
0.28760611994824664 
0.15040182396335844 
0.22174494692576033 
0.14889461953634167 
0.06166570224406837 
0.09852876592935185 
0.05562209061740095 
0.09008972300289496 
0.14322609714870468 
0.10442122597626124 
0.03193043307717311 
0.06148910512431753 
0.0889737543203526 
0.13213353244538825 
0.08037874122350779 
0.1804916399565989 
0.28361565061329247 
0.05635654527340641 
0.09283724956537581 
0.3996917792730438 
0.13020364462978642 
0.20336143191606185 
0.360650120866315 
0.20192912698550242 
0.22142911789780953 
0.22141635285947425 
0.12839126279621124 
0.22130569434834269 
0.28090641916581743 
0.12644708828207524 
0.2343964525028563 
0.2616760157187499 
0.09420133339701764 
0.02166649688883892 
0.3124674269613672 
0.28931029483434406 
0.1950322866706371 
0.22358133717580714 
0.12224105041894265 
0.09350711819960547 
0.07930876049364348 
0.09235953279959692 
0.24475523884358896 
0.1722313921035135 
0.17915494600853737 
0.05616938106894093 
0.22256148669582904 
0.3046013736364762 
0.09149522980661813 
0.17316408526876537 
0.12973734031549933 
0.055555729325393086 
0.17912789427166795 
0.0899458415774206 
0.1472005045148926 
0.11866937578539857 
0.2292919588289472 
0.17584541961259378 
0.2979163822359698 
0.0701217370427464 
0.14452052275790767 
0.0848431231737436 
0.13616035255176076 
0.2447329211606717 
0.0850940280332077 
0.1435477592074179 
0.13677983732607107 
0.04197989971413922 
0.23597162441875752 
0.16282998363792603 
0.25015527274279675 
0.07492663273082635 
0.23540421423792088 
0.12042215926118326 
0.126506602103188 
0.1085516035128371 
0.19703233992874403 
0.12895148735944192 
0.10850367121657156 
0.07047670655248016 
0.07906740827876138 
0.23778087839525716 
0.23000341950861367 
0.22297698446680814 
0.22262243764046297 
0.11253226659317611 
0.1736069729233248 
0.0840946354292371 
0.07519190882550235 
0.10533007979839694 
0.3307376628229248 
0.32992188388295557 
0.0743884722404798 
0.06568043360552735 
0.07358757175578876 
0.15226340614336492 
0.2315175559432032 
0.22417588363019092 
0.06492653551364697 
0.2028187909817963 
0.01943692655073025 
0.07334427519731918 
0.1520533324992381 
0.07317410286507481 
0.25342464421682476 
0.22309651932910002 
0.11515670775290099 
0.30499649806812557 
0.06494395006925668 
0.1206384040827834 
0.18076156556854933 
0.14971809131398317 
0.22963653032732181 
0.10697727696371305 
0.07702263511814211 
0.21497499616414825 
0.09751534023688023 
0.16481837083450804 
0.10834930724306027 
0.12811127731961247 
0.07558398993675389 
0.2725268055237956 
0.1638173720336608 
0.11135568511271064 
0.31185428243788565 
0.060750592707781645 
0.25076385228568154 
0.1295846670755424 
0.14832255983823062 
0.06919403154147982 
0.15726586404726953 
0.05423289939247717 
0.11906712085405716 
0.1544508772159705 
0.36068841598132084 
0.1261563666474064 
0.12032916891569453 
0.11682258752399256 
0.11509431968474583 
0.09529219468627806 
0.07264794658296408 
0.10052197171656373 
0.23176955977947764 
0.17316222546185556 
0.10218666797416728 
0.055711530422425555 
0.3549198021672668 
0.2238518545445016 
0.13023213349017704 
0.04944009244931075 
0.11656305992340132 
0.28230829089239873 
0.09223036075604533 
0.1234994634034382 
0.048256409887917046 
0.3247581299979669 
0.12241730939198263 
0.06253380938754445 
0.11332758765713782 
0.22174367887559454 
0.05461213092871571 
0.14111437093933352 
0.3086920189345251 
0.14179810358870878 
0.15494693844081397 
0.1406761328020485 
0.1927008496358794 
0.22066000320394008 
0.227955180344208 
0.14864844873082972 
0.22744846749797218 
0.17198809554504388 
0.22006934543673126 
0.22693888040469398 
0.22689103264510618 
0.09360594157585667 
0.29980535429955657 
0.13779114960159977 
0.043308985361206205 
0.10048469104169053 
0.2241582154645481 
0.06484597205978265 
0.1587687571037227 
0.05217214879976939 
0.2238460215137391 
0.13833488951267564 
0.15063134104336015 
0.2235055923125727 
0.2232011757361137 
0.2230720882292398 
0.14304569587845653 
0.13687341942830383 
0.06180011556163844 
0.25427787290502263 
0.16628719560984126 
0.08572653145588643 
0.2222256224752593 
0.23646286705297112 
0.13678710748035472 
0.22144154478943393 
0.24582133088627833 
0.22112715288500434 
0.10620046943217136 
0.22829188993155491 
0.11334593211620243 
0.22822620493296875 
0.08163402635092781 
0.0962172795505354 
0.09191055850424185 
0.11233470437735144 
0.22721988032142537 
0.15530748737127706 
0.21359121528659836 
0.051702040334985044 
0.10782019217722946 
0.10248203912611055 
0.10010960180266013 
0.05662317395492589 
0.2109284790118677 
0.0516680565905428 
0.30556855776623665 
0.05666704849066102 
0.2098809850382761 
0.07756848844616092 
0.08298483792416805 
0.10475759741689729 
0.09865151318539696 
0.09831404276795062 
0.13537297793550443 
0.22917538275037547 
0.22080980219685464 
0.22797191860639596 
0.15801477447516463 
0.24921801459694815 
0.08029327464233589 
0.09311824948210719 
0.12153973414060225 
0.09336408214090827 
0.09545416696078386 
0.15251236665924153 
0.13618030320770197 
0.14276757020876754 
0.0939497522441318 
0.17999126736119184 
0.2880137558081981 
0.3047671500614793 
0.22863223459604362 
0.2211259693715163 
0.08378802089915748 
0.1310568733179843 
0.2240694519529452 
0.2240624354086947 
0.2237857468625269 
0.07857346047086085 
0.09221007195339324 
0.22348868497702928 
0.17998340545016414 
0.1280270787886063 
0.1292910711938312 
0.06586810503005913 
0.09291451608880916 
0.09200346431305285 
0.2219782681562593 
0.06315270240511076 
0.11342235327285861 
0.1266054254794392 
0.22129690253386014 
0.1338530084701524 
0.12059207798339447 
0.08893030246800604 
0.10692275080658557 
0.10744645552504252 
0.18211778748916344 
0.15953871716436932 
0.11295478090840579 
0.11477899787686136 
0.06192387725781616 
0.22839206589464955 
0.23547852197763414 
0.18420246196166515 
0.22801883646252893 
0.10452452979643145 
0.21450708565298454 
0.15556963560887754 
0.04958355119139653 
0.07873999772596338 
0.11611653719170002 
0.2242304097873184 
0.071125610090636 
0.2267586482078013 
0.20293004124967193 
0.07311999939133593 
0.06429496199442311 
0.07284584694549963 
0.15797749380029139 
0.15164628839603067 
0.1520582356265457 
0.11588507576811082 
0.09893285124883922 
0.2090534555001042 
0.2229185696225057 
0.1882467811603251 
0.10588557030767547 
0.15660335010400125 
0.2601292481265616 
0.07621015310860385 
0.2284564828430699 
0.11291352700967987 
0.1999190138627471 
0.10490181698908252 
0.2863976681402819 
0.09701767281516013 
0.10474694579550493 
0.2572516196170742 
0.31411910457060227 
0.04908148786243516 
0.10742591311235729 
0.07225197678453757 
0.11445953377176872 
0.059085980986855816 
0.2970184336452596 
0.26143162018347 
0.09293116981431941 
0.2038257073500837 
0.12174465104738831 
0.22241346297314651 
0.0909153927341571 
0.22280359974081057 
0.1132598737782865 
0.2513065777566248 
0.1724604865001266 
0.10605531995653124 
0.1130353443622701 
0.15627264262077228 
0.0902270105675074 
0.22146208720211916 
0.14217158663086257 
0.22133984716614036 
0.10412957443813754 
0.09065933113735224 
0.09042355834319947 
0.23565038504343283 
0.08989292161716975 
0.20900078914988648 
0.27167704283938415 
0.22783074235460857 
0.19256897241864085 
0.10117763818893695 
0.13896663210525492 
0.09978540364361535 
0.21867296859420157 
0.20460564273870094 
0.1363880943615304 
0.10038011917135457 
0.22542516665349305 
0.22311849886530644 
0.0994453971258375 
0.09956898974865978 
0.3054425135797606 
0.06353810511882264 
0.16000375342849066 
0.09886496829663244 
0.05644344897809951 
0.10657023286050561 
0.06188997805005163 
0.09767350836088877 
0.28995801485901185 
0.12019314940124785 
0.09716163877731222 
0.1574296115920074 
0.0831936435181291 
0.22090051005204503 
0.061909759632637416 
0.2207940783747993 
0.2280112281615344 
0.13391184599784348 
0.08985555640561882 
0.0997414445712025 
0.09861812119769874 
0.20671322665086395 
0.17116352479059208 
0.22729055298399678 
0.2933771007892767 
0.16113012012239222 
0.08671484975507611 
0.07953903840374463 
0.10276718134005004 
0.15916007738487478 
0.2900367185059664 
0.06479017785248942 
0.2530544581051019 
0.10094194993146188 
0.22365302427851116 
0.027465036686804712 
0.16686077696815124 
0.22314385986862156 
0.25561448231640643 
0.23738972718746051 
0.08454749841176717 
0.10614213912454662 
0.08286014632453546 
0.049552779840707536 
0.07871970892331129 
0.23059881132977464 
0.28375665779172443 
0.09835140797950155 
0.07542184858889264 
0.24280024363470518 
0.1067737971804482 
0.20631125474831952 
0.19880651118399115 
0.1350132743718185 
0.07565567703945791 
0.09928486197485287 
0.09669787056335664 
0.17913161388548746 
0.13452913281853315 
0.21983779947646437 
0.126342600948417 
0.20061103110653863 
0.07935271956605633 
0.10142008938062935 
0.2909125184871147 
0.1293800883154672 
0.22418763422839358 
0.2860312016423786 
0.10235954548009858 
0.19726084256861315 
0.08710938242998144 
0.2455822611616946 
0.26755892312107726 
0.10137638391824964 
0.2412421481277028 
0.18700586726811697 
0.14600540950200713 
0.0552969625549013 
0.09297665054693116 
0.12094189075578748 
0.2776011196037597 
0.07017710856665105 
0.12149450701802364 
0.09850602556304597 
0.1349912948356121 
0.09224151959750397 
0.2223104972996872 
0.09084615719510684 
0.2437992135552872 
0.10643801749655618 
0.09096586113075414 
0.07691468178069748 
0.22152151648655424 
0.19417922705579463 
0.09704582352883989 
0.25726987953946107 
0.22032845035393392 
0.22752345153110717 
0.12972744952420645 
0.2533452642764485 
0.10190685157092395 
0.21699440832145242 
0.11575573465120378 
0.09289913041346466 
0.07707192000125115 
0.14343904503987384 
0.1155983273572947 
0.09506208584953232 
0.12153905784718053 
0.07831925868096577 
0.07081147179623956 
0.07585307018192716 
0.07028632995426143 
0.14109163057302765 
0.11282231193442321 
0.07621049125531472 
0.09805341619054905 
0.07909733426267322 
0.1370859446360844 
0.21036757815521528 
0.07070005245500852 
0.2310535341192145 
0.057030809814877355 
0.23062053725594792 
0.22304393751556004 
0.23025567695492127 
0.05624521046885309 
0.06216954084326182 
0.23687371530667584 
0.27555245775596543 
0.10716959790551928 
0.10613241740660917 
0.08275371464728974 
0.22246004268256858 
0.15707785447602687 
0.06904271088836636 
0.2244424277750327 
0.05187931374815763 
0.15851920483110205 
0.23330085715964372 
0.06406417686425565 
0.11598744968482613 
0.22354261937741274 
0.22352790999549 
0.06457613098450993 
0.06415234861911451 
0.09921283672543799 
0.005635214936616514 
0.09976325503405349 
0.16700203775661637 
0.2221631498704264 
0.07013407939769307 
0.09980383263935766 
0.26063629911950825 
0.19988038060103042 
0.07713371631266229 
0.11400083775847618 
0.2213370574557757 
0.06940266806208542 
0.11386904507791534 
0.09886023424268028 
0.11174531466030838 
0.12376516218150278 
0.24763261374304316 
0.05648876063735583 
0.05851392128874474 
0.09452265730902003 
0.057534225730682204 
0.12180847623906467 
0.23125921185609996 
0.09420649013435838 
0.1658537760631861 
0.04901884618424684 
0.07053233168641797 
0.1012638656002083 
0.20937841448924843 
0.06419039012408716 
0.12145012526222222 
0.06365679461433733 
0.22239875359122374 
0.14223456645576174 
0.21665676883065066 
0.15015353974090354 
0.10456274037475956 
0.2365283829782018 
0.22156124872508123 
0.1657285772434872 
0.16497231212463076 
0.09803583256158392 
0.10548444377190822 
0.10524055545669461 
0.11129676304834188 
0.07059133828746443 
0.22209974736213867 
0.10241880569117823 
0.21161035185433316 
0.09455596476004052 
0.14421644432815955 
0.2172383811733437 
0.04882923041612757 
0.14514423436610385 
0.24780473041887502 
0.1942044189857543 
0.08548923700153477 
0.09316592816833957 
0.10949105961230635 
0.09216357678064889 
0.2094439304144791 
0.05573815947590641 
0.05612973336709165 
0.10627959576251449 
0.22217287158836388 
0.22214945492863625 
0.22201056116714718 
0.061861489189660994 
0.16517697542138363 
0.1339035614034272 
0.23844449131533577 
0.0854675956120392 
0.22849283361448824 
0.10509185544059037 
0.21473355941258845 
0.2171874055566804 
0.1398048978014969 
0.239171253133669 
0.22445316393310277 
0.10052636762380501 
0.15330954753011303 
0.10689823517004765 
0.055744415190057475 
0.22385819479533037 
0.15786759611925927 
0.22362732512848518 
0.21676134070098657 
0.08410613241740661 
0.15088926244707476 
0.22327514532911608 
0.21059016322764418 
0.1880462601607803 
0.10077575082307023 
0.07776309187826551 
0.08411078193468105 
0.05782308755844127 
0.12928177215928233 
0.22243662602284095 
0.056219934002215706 
0.10454177527868572 
0.2016584405434525 
0.08524720849323095 
0.22122901958165336 
0.2285129533437849 
0.23574455890240958 
0.22525490978457097 
0.22488294840261608 
0.04474323463535316 
0.04489286455491228 
0.13019273939836093 
0.18057566941424957 
0.1440945424388916 
0.10088877636117788 
0.21076287166022006 
0.1730892703089858 
0.13506737784555742 
0.19359803739649015 
0.12865653889088724 
0.2315260096109749 
0.1358898351830663 
0.07097640285446546 
0.13620448069752905 
0.20087453193098256 
0.07769892853987827 
0.17908334344251103 
0.0700814975841531 
0.0911901369367374 
0.12699065911979565 
0.09823280302066456 
0.1707622291814694 
0.14260855671798184 
0.002921080361833888 
0.20110286549749626 
0.13492121392978468 
0.22133638116235396 
0.09846984386498309 
0.19383118955363365 
0.16805925344814543 
0.07221562601311925 
0.12895453067983975 
0.1737598152366372 
0.09493967674019807 
0.19354393392275124 
0.121002080870322 
0.06932269636496513 
0.22335646961307987 
0.19495206136348364 
0.22258777760259899 
0.07633222407122722 
0.07563293667315205 
0.19316148999275945 
0.21447741327910588 
0.07194375605758131 
0.224597383505288 
0.08742318257766701 
0.12182462274450861 
0.130924319807324 
0.13797095911510388 
0.21677909340330717 
0.22409422119951627 
0.11441811079968739 
0.08546632756187345 
0.12176967390399253 
0.2243317692639011 
0.22392176637697359 
0.11984460467902058 
0.1277801471529949 
0.22349434893443632 
0.07768582535483214 
0.18685023524443994 
0.2219803815732022 
0.20920756586358233 
0.22296591016202724 
0.16186778717215092 
0.21409581471589123 
0.11040337943822842 
0.02941495969502548 
0.21693776874738202 
0.21844894639825144 
0.07000440013407518 
0.15034493077925487 
0.17976251111128957 
0.16507324891782485 
0.034509055357575355 
0.21000593024794184 
0.15293327477759458 
0.1825022602994205 
0.18081178035511322 
0.20954985487165853 
0.1068180943995719 
0.21736932848712742 
0.20809759928515784 
0.07771236987163528 
0.05590013175041222 
0.06121385370167091 
0.1158398486455322 
0.07680140263255668 
0.14875682475166294 
0.12115390874350178 
0.10562722622057225 
0.11435935780867405 
0.09791046466852957 
0.06828052820206972 
0.21546082845098796 
0.17295451884470486 
0.06828230347230177 
0.2144924608077395 
0.12204788411035926 
0.17123538096665153 
0.07696574193403857 
0.04854070673507938 
0.06873609635828673 
0.17824668394314572 
0.06844123242640976 
0.055519294017297056 
0.1989286666832922 
0.07350709283860216 
0.05843014544112718 
0.20517482818976965 
0.18217197549958006 
0.07017533329641898 
0.19719532664338246 
0.06391319435785306 
0.20205153609483661 
0.17403168519217513 
0.15694005969134814 
0.06547433318525325 
0.12092785766728648 
0.0710188402666794 
0.17282467050773154 
0.1058023016801242 
0.06370709393757897 
0.16436965014918611 
0.11271740191737639 
0.11928970592648606 
0.0984411013945593 
0.06814045092709262 
0.20803791639068964 
0.06110632304761486 
0.2067293731563079 
0.20103430625186774 
0.16494542946111673 
0.15633494615224972 
0.17723993664821372 
0.05248476543396692 
0.11144546306444612 
0.044218515476763615 
0.16753986010025204 
0.11502035009174344 
0.20464097906998663 
0.1964578286669792 
0.11537853199523045 
0.06596608303953315 
0.1973611030683855 
0.11758130420650281 
0.0995343297107958 
0.08715706111621384 
0.20349449264678846 
0.1902575705765021 
0.18841864422612378 
0.16116554099035565 
0.19697400962111927 
0.1864358364502711 
0.13720387330149963 
0.08494220016002793 
0.1869044232548565 
0.11448016072113168 
0.0916575402278348 
0.1965314601132707 
0.09915433734445779 
0.06336243790252667 
0.10698310999447552 
0.05513541296378406 
0.1932700350869481 
0.053689244018079015 
0.08378742914241345 
0.04091837265204661 
0.056302610873022955 
0.1059348551907845 
0.16368490305967826 
0.11258966699734597 
0.1422308468419422 
0.03996725049105243 
0.08028575087801906 
0.13818238534607413 
0.16066694366518067 
0.14611192571593057 
0.09976655196448445 
0.16057809561690006 
0.1600587022690067 
0.1596627324705802 
0.18053145673180357 
0.10871315310395434 
0.19538717164369312 
0.05074939651379195 
0.04823459942506606 
0.1593130887715426 
0.0844010808859613 
0.06312159290771088 
0.1012752780517001 
0.08487380998775486 
0.09852808963593013 
0.0926186377167996 
0.1580288075636656 
0.04897750774884322 
0.046886746635545894 
0.10419230065300357 
0.054643240426115576 
0.08338647168000163 
0.17560558905791057 
0.09368726585982044 
0.18858983099850077 
0.13782665500624092 
0.07234395268989369 
0.17230671428335934 
0.13603177226495317 
0.09788485005518131 
0.18071507039580495 
0.08317555266909765 
0.07020889435747264 
0.17225683764350627 
0.14289217727172246 
0.04697779263744713 
0.046969930726419445 
0.14750618914151736 
0.07223743647597024 
0.11622685755612074 
0.07099939683080449 
0.1356678418673814 
0.09409016766581975 
0.17373487691671066 
0.12146610269431074 
0.1782282549474034 
0.13406029240391457 
0.14283460779419715 
0.14802482165931127 
0.067162868785973 
0.07183216764299484 
0.13822220212127886 
0.11448269682146318 
0.06482779667407348 
0.08453321171323298 
0.06954595773081577 
0.1372320240151794 
0.0787137913558711 
0.06248291830755881 
0.12189073042648332 
0.13623973249213703 
0.13777567938957755 
0.16524807076734366 
0.17318902358869187 
0.12743016530724643 
0.11899264404098844 
0.07629274544273337 
0.16871153845340994 
0.13741098816190633 
0.15353551406965063 
0.005169417842395736 
0.056355699906629246 
0.1288540165700342 
0.07739535733019645 
0.16518754250609827 
0.16592250438217002 
0.11739329463526017 
0.13024701194545527 
0.04866768082501035 
0.07891946909275661 
0.16682527156351007 
0.055216906321103265 
0.07017288173276519 
0.003816239242179407 
0.06359212405588381 
0.15018253582136049 
0.1074851733234369 
0.15962942501955968 
0.06485324221406631 
0.06194526503727856 
0.15061705434482595 
0.06322269877426044 
0.06160483583611213 
0.09739267751751284 
0.15807445736963283 
0.12117233773924407 
0.07429150867113837 
0.15535017839352416 
0.16272143854373738 
0.09330245490285256 
0.15884230401333652 
0.041979307957395205 
0.11438116827152504 
0.10729682560548338 
0.1588316523919442 
0.07203218142247332 
0.15250171503784918 
0.0635234802735776 
0.06250354525692176 
0.06316056431613844 
0.06937942047571324 
0.09040749637443324 
0.14224657066399757 
0.12058852744293036 
0.04077677371687061 
0.09834160172488637 
0.15673294483094144 
0.11591889043919763 
0.06334206456319688 
0.15264162323947086 
0.11642983011931929 
0.09278382238505865 
0.14416284807448695 
0.13528607423081135 
0.09231794075416015 
0.08392260329008296 
0.15075797698658022 
0.0992164718025798 
0.04085860522090068 
0.05507336304233977 
0.06103979268225157 
0.0897684836275703 
0.11182756884772704 
0.1487401710261527 
0.05496828395193752 
0.061033367894745075 
0.14142140815280174 
0.113093928279928 
0.11435276394781213 
0.04115456812958796 
0.04693763771553154 
0.06046917010766169 
0.06137895383325225 
0.08924089022193836 
0.1463356943018475 
0.1300788684934761 
0.08618920069303168 
0.08590676365277913 
0.08589856359504058 
0.10147926505503127 
0.0493643475860763 
0.13719305260675185 
0.1387453150829918 
0.1381355520266189 
0.09136580415303336 
0.1429014763062713 
0.08413022537055595 
0.12955668543521806 
0.14387821308061377 
0.03491314067706271 
0.09883106908886792 
0.13582896877511003 
0.14289733400906318 
0.13577080754084073 
0.14320225780558846 
0.14154322550539197 
0.1351940137887775 
0.09832553975612014 
0.08457886151920019 
0.13392275122926897 
0.13482805451094054 
0.09782195476695986 
0.12960977446882435 
0.13203462453245934 
0.10010368423521993 
0.07880711984807069 
0.1369145042536743 
0.12156154460345324 
0.13731681430292958 
0.13498757522179253 
0.1209602352148521 
0.12061245132272427 
0.10005042612825821 
0.09783598785546088 
0.0930885771082285 
0.045470080990364085 
0.09083313854673844 
0.07549277486149722 
0.07808416218023473 
0.092247183554911 
0.09199188278820562 
0.1345189884172071 
0.09687159343606512 
0.0758309215723653 
0.11938683856918292 
0.11528917672688356 
0.12319834375741016 
0.13121216719495046 
0.1141539336818217 
0.11441658913948849 
0.12846776848954514 
0.07879308675956966 
0.09171620868217041 
0.06905843471042172 
0.12292469853164018 
0.1291624909070236 
0.09130316247484506 
0.12814255589036777 
0.12817628602477688 
0.07049361388802357 
0.1197980249695985 
0.08309456653184477 
0.11606243371796113 
0.1228513206953818 
0.07937402280884101 
0.10739040770771613 
0.1145597097348634 
0.1062066406096447 
0.08465190120874769 
0.06900754363043608 
0.10739083039110471 
0.07916961312212127 
0.10687346592347656 
0.1217296880554324 
0.08445687509325453 
0.11213536689129472 
0.09057555528973467 
0.10669103577296324 
0.1131997682004297 
0.06134995775279531 
0.11414869240780325 
0.11245736709671884 
0.11147090860443895 
0.05712261664687804 
0.08705257378255561 
0.058258282375328485 
0.11697728964421471 
0.116239622594456 
0.11651859363092217 
0.11472472532976702 
0.05676612547694537 
0.10679002822256986 
0.07846567620677164 
0.10004273329058595 
0.11575573465120378 
0.0787301914713482 
0.11407328569127966 
0.07970075706821729 
0.0712130210153954 
0.10875153275563786 
0.11376785467468808 
0.020156418214779797 
0.0559715652430831 
0.09815857981762903 
0.10007350464127494 
0.055544908630645304 
0.11281250567980804 
0.11274411550753496 
0.11379575177833469 
0.10722792821314402 
0.11255559871622602 
0.11371197593071712 
0.07592450367459803 
0.10912696014137914 
0.07130668765430585 
0.05123768036428546 
0.10910607958198304 
0.07212111400743162 
0.1076315908492428 
0.10714432143888188 
0.042753579388605384 
0.07217809172821289 
0.10107873027600803 
0.10822419296003909 
0.04901605647388218 
0.10079570147901144 
0.09184140750186932 
0.09931123741830059 
0.09168416928131566 
0.09236367509680506 
0.06866052056840771 
0.012282164832150314 
0.10667116965369973 
0.061024322470229354 
0.08932737124324289 
0.09928773622189525 
0.10013183494889968 
0.08941571207145717 
0.09756597770683273 
0.05752636381965453 
0.08656792500920392 
0.09395009039084265 
0.0648496916736022 
0.08657494155345444 
0.08754998759424255 
0.10167141692348206 
0.08565907118706825 
0.10105877962006682 
0.09964980681255725 
0.09303227568086897 
0.09465808506672269 
0.0836445621570717 
0.10021138396263142 
0.04170693078179097 
0.09287436116689357 
0.08462214429819129 
0.09870401046225924 
0.09934564384613141 
0.06259831087264253 
0.09915932500844311 
0.09196043514409488 
0.08502715952113354 
0.06002205561921638 
