1 2 6 7 5 3 5 8 9 10 4 4 4 4 11 3 4 3 3 3 5
1 2 6 7 8 4 3 3 9 10 3 4 4 5 4 12 4 4 3 12 3 11 4 1 4 3 3
1 2 6 7 3 4 3 8 3 10 4 5 4
1 2 6 7 4 4 4 8 9 13 3 3 11 4
1 2 6 7 9 8 4 9 4 10 3 4 4 4 11 4 11 3
1 2 3 7 5 3 4 8 9 13 3 4 3 11
1 2 6 7 3 3 4 9 9 10 4 12 4 4
1 2 6 7 8 3 5 8 9 10 4 4 4 5 3
1 2 6 7 8 5 5 8 9 10 4 3 3 3 4
1 2 6 7 4 3 5 9 9 10 4 3 4 12 3 4 4 3 3 3 3 11 4 11 4 12 4
1 2 4 7 8 4 5 8 9 10
1 2 6 7 9 3 5 8 9 13 10 3 11
1 2 6 7 8 3 3 8 9 10 4 4
1 2 6 7 3 4 3 8 3 13 3 3 4
1 2 6 7 8 4 5 4 9 10 3 4 3 12 3 4 12
1 2 6 7 4 4 5 9 9 10 4 4 4 3 5
1 2 6 7 4 3 4 9 9 10 4 3 3 3 5 3 4 11 4 11
1 2 6 7 3 3 5 8 9 13 4 4 3 3 11 3
1 2 6 7 5 3 3 8 9 10 3
1 2 8 7 4 3 5 8 9 10 3 3 4 3 4 4 3 3 11 3 4 3 3 12 3 4 3 3 11 4 4
1 2 6 7 4 4 5 9 9 10 12 11 4 4 3
1 2 6 7 5 5 3 8 9 10 4 3 4 3 3
1 2 6 7 4 3 5 8 9 10 3 3 3 3 3
1 2 6 7 8 5 5 8 9 10 3 4 4 4 4 3 11 3 4 3 3 11 3 4
1 2 6 7 8 3 5 8 9 13 4 3 3 12
1 2 6 7 3 3 3 8 8 10 3 3
1 2 6 7 4 3 3 9 9 10 4 3 3 4
1 2 8 7 3 5 5 4 9 13 4 4 4 3 3
1 2 6 7 3 5 5 9 9 10 10 4 3 12 11 11 4 12 11 4 4 3 4 11
1 2 6 7 5 5 5 8 8 10 4 4 3 3 3 11 11 5 3 16 3 3 4
1 2 6 7 8 3 5 8 9 10 4 4 4 4 3 4 4 5 14 3 4
1 2 6 7 3 3 5 8 3 10 3 3 4 4 11 4 4 4 3 11 3
1 2 6 7 5 3 5 9 9 10 3 3 3
1 2 6 7 5 4 5 9 3 10 3 3 3 16 4 11 4 4 11 1 4 14 5 4
1 2 6 7 5 3 4 8 9 13 4 3 3
1 2 8 7 3 3 3 8 9 10 3 4 4 5 4 11 16 4 4 3 3
1 2 6 7 8 4 5 8 9 10 3 4
1 2 6 7 4 4 5 8 9 10 4
1 2 6 7 5 5 4 8 3 10 3 4 4 4 4 4 3 11 3 4
1 2 6 7 4 3 5 8 9 10 4
1 2 8 7 3 3 4 8 9 10 3 4
1 2 6 7 5 3 3 9 9 10 4
1 2 6 7 4 5 3 9 9 13 4
1 2 6 7 4 5 5 9 3 10 4 3 4 5
1 2 6 7 3 3 5 8 9 13 3 4 4 4 4 3
1 2 6 7 9 3 5 8 9 13 4 3 3 3 3 4 4 4 11 3 11 11 11 3 3 4 4 3 11 4
1 2 8 7 3 4 5 8 3 13 3 4 4 5 5 4 3 3 3 3 3 12 11 3 11 4 11 12 3 4 11 4 3 3
1 2 6 7 8 3 4 9 9 10 3 3 3 3 11 5
1 2 6 7 3 3 5 8 9 10 4 12 5 4 3 11 10 3 3
1 2 6 7 4 3 3 8 9 10 3 3 5 3
1 2 6 7 3 3 5 8 9 10 3 11 5
1 2 6 7 4 4 5 8 9 13 4
1 2 6 7 5 5 4 8 9 13 4 4 5 11 3 4 4 4 4 4 5 12 11
1 2 6 7 8 3 5 9 9 13 4 5 16 3
1 2 6 7 3 3 5 9 9 10 4 3 4 4 3
1 2 6 7 3 5 4 9 9 10 4 3 5 4 11
1 2 6 7 3 3 3 9 9 10 3 3 4
1 2 6 7 3 3 5 8 9 10 4 3 4
1 2 6 7 5 3 4 9 3 10 3 4 5 4 3 11
1 2 6 7 3 4 5 9 9 10 3 3 11 3 4 4 3 3 4 4 11
1 2 6 7 4 5 4 8 9 10 4 3 3 5 4
1 2 6 7 9 4 5 8 9 10 3 4 11 3 3 14 11 4
1 2 6 7 4 4 5 9 3 10 3 3 4 5 3 4 5 5 5 3 4
1 2 6 7 6 4 4 8 9 10 3 3 3
1 2 6 7 3 4 4 9 9 10 3 3 11 3 3 4 4 3 3
1 2 8 7 3 4 5 8 4 10 4 3 4 5 4 11 3 4 3
1 2 6 7 5 3 5 5 9 10 4 3 3 4 11 3 3 4 4 5
1 2 6 7 5 4 5 8 9 10 4 3
1 2 8 7 4 4 5 8 9 13 3 11 4 12 4 11 3 11 4 11 12 3 11 4 4 11 11 3 4 3
1 2 6 7 5 3 3 9 9 10 4 4 4 3 12 12 4
1 2 6 7 3 5 5 9 4 10 4
1 2 3 7 4 4 4 3 3 10 3 4 12 11
1 2 6 7 3 4 3 9 9 10 4 4
1 2 6 6 3 4 4 8 3 10 3 4 3 4 3
1 2 6 7 9 3 3 5 9 10 3 3 4 4 4 3 16 5 4
1 2 6 7 4 3 5 8 9 10 3 4
1 2 6 7 5 3 5 8 9 10 4
1 2 6 7 5 4 5 9 9 10 4 4 3 5 3 4 4 4 3 12 3 3 3 3
1 2 6 7 4 4 4 8 9 10 4 4 4 4 4 12 3
1 2 6 7 5 3 4 8 10 10 4 5 1 4 12 3 3 4 11 3 4
1 2 8 7 5 4 3 8 9 10 3 4 4 4 3 4 4 12 5 11 11
1 2 6 7 8 5 5 8 9 10 4 4 4 4 11 3
1 2 6 7 4 3 5 8 9 10 4 3 3 4
1 2 6 7 3 4 5 9 9 10 4 4 3 5 4 4 4 3 5 4 4 1 3
1 2 6 7 8 4 5 9 9 10 5 3 3 3 11 4 4 4 10 4
1 2 6 7 3 5 4 8 4 10 4 5 4 4
1 2 6 7 5 3 5 8 8 10 3 4 3 3 3 4 5 11 5 3 14
1 2 6 7 5 3 5 8 9 10 4 4 4 5
1 2 6 7 8 4 5 8 9 10 4 3 5 12 3 3 11 4 4
1 2 6 7 3 3 5 9 9 10 3 4 3
1 2 6 7 3 5 5 8 9 10 3
1 2 3 7 3 3 4 8 9 10 3 3 4 3
1 2 6 7 5 4 5 9 9 10 4 3 4 3 3 3 4 3 4
1 2 6 7 3 3 5 9 3 10 4 3 4 3 11 4 3 10 3 11 5 3 3 3 3 11 3 10 12
1 2 6 7 4 4 4 9 9 10 3 4 5 3 3
1 2 6 7 8 3 4 8 9 10 4 4 5 5 12
1 2 6 5 8 3 4 8 9 10 3 4 4 4 4
1 2 6 7 8 5 4 9 9 10 3 3 3 3 12
1 2 6 7 3 3 5 8 9 10 3 3 4 4 3 3 4
1 2 6 7 3 4 5 8 9 10 4 4 4 3 4
1 2 6 7 8 4 4 8 9 10 4 3 3
1 2 6 7 3 4 4 9 4 10 3 3 5 11 3 4 4 4
1 2 6 7 5 3 5 9 4 10 4 4 3 4 5 5 3 11 12 12 4 10 4 3 3
1 2 6 7 4 3 5 8 9 10 4 5 4
1 2 6 7 5 4 5 9 8 10 3 4 11 4 3 5 4 11 3 4 3 16 3
1 2 6 7 4 4 5 8 9 10 3 3 4 3 4 12 11 4 12 4 5 4 4 4 3 11 3 3 3 11 4 5
1 2 6 7 8 4 4 8 4 13 4 4 4 4 11 4 4
1 2 6 7 5 5 3 8 9 10 3 4 4 4 3 4
1 2 6 7 5 4 3 4 9 13 3 3 4 5 4 11
1 2 6 7 5 4 4 8 8 13 4 5 4 4 4
1 2 6 7 5 4 3 3 9 10 3 4 11 4 4
1 2 6 7 5 5 5 8 8 10 4 4 4 3 11 11 11 11 11 3 3 3 14 11 11
1 2 6 7 3 3 3 8 9 10 4 11 4 11 4
1 2 6 7 8 3 5 8 4 10 3 4
1 2 6 7 4 4 5 9 9 10 3 4 4 4 3 11 3 3 3 11 5
1 2 6 7 3 4 5 8 9 10 3 4 4 3 4
1 2 6 7 4 3 4 9 9 10 4 3 4
1 2 6 7 5 3 5 8 9 10 11 3 4 4 3 5 4 4 3 11 4 3
1 2 6 7 3 3 3 8 9 10 4 3 4 4 3 4 4 3 3 5 12 16
1 2 6 7 4 3 5 8 3 10 4 3 4 3 4
1 2 6 7 8 4 5 9 9 10 3 4 3
1 2 6 7 4 4 4 8 3 10 3 3
1 2 6 7 5 5 5 3 9 13 3 4
1 2 6 6 4 4 4 8 9 10 4 3 4 3 4
1 2 6 7 4 4 5 8 9 10 11 4 5
1 2 6 7 8 4 3 8 9 10 3 4 4 4 3
1 2 6 7 3 4 4 8 9 10 4 4 3 11 3
1 2 8 7 3 4 3 8 3 10 4 4 11
1 2 6 7 3 3 5 8 9 10 3 4 4 3 4
1 2 9 7 4 4 5 3 8 13 4 3 4 3 3 4
1 2 8 7 4 3 5 9 9 10 4 3 4 4 3 11 4 3 4 1 4 3
1 2 8 7 3 3 5 8 3 10 4 3 3 5 11 3 4 3 4
1 2 6 6 4 3 5 8 4 10 4 3
1 2 6 7 3 3 5 8 3 10 3 4
1 2 6 7 5 4 5 9 9 10 4 4 4 3 11
1 2 6 7 9 3 4 8 9 10 3 3 4 5 4 3 3 4 11 11 3 4
1 2 6 7 4 4 5 9 9 10 3 3 4 11 3 3 3 12 4 11
1 2 6 7 5 4 5 9 9 10 4 3 4
1 2 3 6 9 3 5 9 9 10 4
1 2 6 6 3 3 4 8 9 10 4 3 3 11 11 4 11 3 11 3 3 3 3 11 12 3 11 12 5 11 3 14
1 2 6 7 5 3 5 8 9 10 3 4 3 3 5 4 5 12 4 11
1 2 8 7 5 4 3 9 9 10 4 3 3 5 12 3 3 12 5 3 3 3 3 4 12 12
1 2 6 7 4 5 5 9 9 10 11 3 3 3 3 3 4 11 3
1 2 6 7 8 4 4 8 9 10 4 3 4 3 3 11
1 2 6 7 3 4 5 8 4 10 4 4 11 11 4 4 11
1 2 4 7 3 4 5 9 9 10 3
1 2 9 7 3 4 5 8 9 10 4 4 3 3 3 3 3 5 4
1 2 6 7 4 4 4 8 9 10 4 3 5 3 3 4
1 2 6 7 4 3 5 8 9 10 3 3 4 5 5 4 4 4 4 12 4
1 2 6 7 3 3 3 8 9 10 3 4 4 4
1 2 6 7 4 3 5 9 9 13 4 4 3 5 3 4
1 2 6 7 4 5 5 9 9 10 4 4 11 3 3 11 4 4 4 5 12 11
1 2 6 7 4 3 4 9 9 10 4 4 11 3 4 4 3 3 5 12 4 11 3 3 5
1 2 6 7 4 4 4 9 3 10 4 4 4 4 14 12 4 4 3 4 4 3 4
1 2 6 7 5 3 4 9 9 13 3 4 11 3 4 3 3 3 3 3
1 2 6 7 3 3 3 8 9 10 3 3 5 11
1 2 6 7 3 5 5 8 3 10 3 3 4
1 2 6 7 3 3 4 9 9 13 4 3 4 5 11 12 3 3 4 4 3
1 2 6 6 4 3 5 9 9 10 3 4 5
1 2 6 7 4 4 5 8 3 10 3 4 5 3 4 11 12 4 3 3 12 3 11 11
1 2 8 7 3 4 3 9 9 13 3
1 2 6 6 5 3 5 8 3 10 4 11 4 3 4 3 4 4 3 5 3 11
1 2 8 7 4 4 4 9 9 10 4 3 12
1 2 6 7 8 4 5 9 9 10 5 4 3 11 3 3 1
1 2 6 7 4 3 4 9 9 10 3 4 3 11 11 3 11 1
1 2 6 7 4 5 5 9 9 10 4 3
1 2 6 7 5 5 5 8 9 10 4 4 3 3 11 12 3 3 11 4 3 12 3 4 11 4 3
1 2 6 7 4 5 5 8 9 10 3 4 3 4 4 3 4 3 3 4 12 4 12 4 4
1 2 6 7 3 3 5 9 9 10 3 3 3 12 4 12 4 3 4
1 2 6 7 5 3 5 9 3 10 4
1 2 6 7 8 5 5 3 9 10 4 3 11 5 5 4 11 3 4 3 11 11 4 4 4 12 3
1 2 6 7 4 3 5 8 9 10 4 3 3 5 3 3
1 2 6 7 5 4 5 8 9 10 4 4 3 3 4 3 16
1 2 6 7 3 9 5 8 9 10 4 4 4
1 2 6 7 5 4 5 9 9 10 4 4
1 2 6 7 3 3 3 9 9 10 4 3 4 4 11
1 2 6 7 6 3 3 8 9 10 3 4 11 4 3 4 3 3
1 2 6 7 4 3 4 8 3 10 4 4 4 4 3 11 3
1 2 6 7 3 4 3 8 9 10 3 4 4 4 3 14
1 2 6 7 4 3 5 9 9 10 4 3 3 4 11 3 4
1 2 6 7 4 5 5 9 9 10 4 3 11 4
1 2 8 7 4 4 3 8 9 13 4 10
1 2 6 7 4 4 5 9 9 10 4 5 3 11 4 11 3 3 3 4 3 4 4
1 2 6 7 3 3 5 6 9 10 3 3
1 2 8 7 4 5 5 9 9 10 3 3 4 3
1 2 6 7 4 4 3 8 9 10 3 4 3 4 11
1 2 6 7 3 4 3 8 9 10 3 4 3 5 11
1 2 6 7 3 3 5 8 9 10 4 3 4 5
1 2 6 7 5 3 5 9 9 10 4 4 11
1 2 8 7 3 3 4 9 9 10 4 4
1 2 6 5 3 4 5 8 9 10 4 4 3 4 12 3 5 3 11 11 3
1 2 6 7 4 5 5 9 9 10 3
1 2 6 7 5 5 5 9 9 10 4 3 4 12 5 4 4 3 3
1 2 6 7 8 5 5 8 3 10 4 4 4
1 2 6 7 3 4 5 9 9 10 3 3 3 4 4 3 12 3 3 4
1 2 6 7 3 4 5 8 9 10 4 3 4 4 3 4 5 11
1 2 6 7 4 5 4 9 9 10 4 4 5 11 4 4 12 3 4 11
1 2 6 7 3 4 5 9 3 10 4 4 4 4 4
1 2 6 7 5 4 3 8 9 10 10 5 3 11 4 11 14 3 3
1 2 8 7 5 5 4 4 3 10 3 4 3 3 5
1 2 6 7 4 4 5 8 9 13 4 4 3 4 12 3 3 3
1 2 6 7 3 4 5 8 9 10 4 3 3 3
1 2 6 7 5 3 5 8 9 13 4 4 3
1 2 4 7 5 3 5 8 9 10 4 4 4 5 3 3 4 5 11 3
1 2 6 7 3 3 4 8 8 13 3 3 4 11
1 2 6 7 5 5 5 8 9 13 4 4
1 2 6 7 5 3 5 8 4 10 3 4 11 3 4
1 2 6 7 4 4 5 8 9 10 4 1 3 11 3 4 4 3 4 11 4
1 2 6 7 4 3 5 9 9 10 4 4 11 4 4 11 11 4 4 11 4 12 3 12 3
1 2 6 7 3 5 4 3 9 10 3 4 11 3 4 3 4 4 11
1 2 6 7 5 3 5 8 10 10 3 3 11 12 11 4 3
1 2 6 7 4 3 3 8 9 10 3 4 4 3 4 3 5 4
1 2 6 7 3 4 5 8 9 10 4 4 3 4 4 3 3 11
1 2 6 7 4 3 5 9 9 10 4 4 3 11 4 12 11 3 4
1 2 6 7 3 5 5 4 9 10 4 3 4 5 4 3 4
1 2 6 7 4 3 5 8 9 13 3 5 4
1 2 5 7 4 4 5 8 9 10 4 4 3
1 2 6 7 4 3 5 9 3 10 3 3 4 3 4 3
1 2 6 7 5 3 4 8 5 10 3 5 4 12
1 2 6 7 4 5 5 8 9 10 3 4 11
1 2 6 7 4 3 5 8 9 10 3 4 11 4 16
1 2 6 7 3 4 5 8 4 10 4 3 3 4 4
1 2 6 7 8 3 5 9 9 13 4
1 2 6 7 8 4 5 8 9 10 3 4 4 3 4 4 3 3 3 11 11 4 4 11 3
1 2 6 7 4 3 5 8 3 13 4 3 4 4 4
1 2 6 7 4 3 3 8 9 10 3 3 3 11 4 4 11 4 4 4 3 12 3 3
1 2 6 7 5 5 4 9 9 10 4 3 3 4 4
1 2 6 7 8 4 4 9 3 10 4 11
1 2 6 7 3 5 4 9 9 10 4 3 3 5 3 3 5
1 2 6 7 4 4 4 6 9 10 3 11 3 11 3 3 4
1 2 6 6 5 3 5 5 4 10 4 4 11 4 3 4 3 4
1 2 6 7 4 4 5 9 9 10 3 3 4 3 4 5 3 3 11 3 4 3
1 2 6 7 5 3 5 8 9 10 3 3 11 16 3 4 4 3 3
1 2 6 7 3 3 5 8 9 10 4 4 3 5 3 4 3 3
1 2 6 7 3 4 5 8 9 10 4 3
1 2 6 7 4 5 5 4 9 10 3 3
1 2 6 7 4 4 4 9 9 10 4 4 5 4 11 4 3
1 2 6 7 3 4 4 8 9 13 3
1 2 6 6 5 4 5 8 3 10 4 4 12 3 11 4 10
1 2 6 7 5 5 3 9 8 10 4 3 4
1 2 6 7 5 3 5 9 9 10 4 3 4
1 2 6 7 3 3 5 8 9 10 4
1 2 6 7 3 4 5 8 4 10 3 3 3
1 2 6 7 5 3 5 9 3 10 3 4 3 4 4 4 3 4 5 11 3 3 4 4 4 3 3
1 2 6 7 3 5 5 9 9 10 4 4 11 4 3 3
1 2 6 7 3 5 5 8 9 10 4 4 4 5 3 4 4 3 4
1 2 8 7 5 5 4 8 3 10 3 4 4 3 3 12 3 4 3 12 4 3 3 3 12
1 2 6 7 4 3 4 9 9 10 4 3 3 4 12
1 2 6 7 4 3 5 9 9 10 3 4 4 4 3
1 2 6 7 4 3 5 8 9 10 3 4 12 4 5 3 4 12 11 4 4 3 12 4 3 4 3 3 4 3
1 2 6 7 5 4 3 9 3 10 4 4 5 4 11 14 12
1 2 6 6 8 4 5 9 10 10 3 4 3 5 3 4 5 3 11 4 5
1 2 6 7 9 4 5 9 10 10 3 3 3 4 12 4 11 4
1 2 6 7 4 3 3 8 9 10 11 4 3 3 3 3
1 2 6 7 4 5 3 8 9 10 4 4 4 4 4 3 3 3 3 4 12 3 3
1 2 9 7 4 4 3 8 3 10 3 3 3 4 4 4 11
1 2 6 7 5 9 4 8 9 10 3 3 3 3 11 10 11 11 11 10 11 11 3 5
1 2 6 7 4 5 5 8 9 10 3 3 5 5 11 3
1 2 6 7 8 4 4 8 9 10 4 3 4 11 11 3 3
1 2 6 7 3 4 5 8 9 10 4 4 4
1 2 6 7 5 4 5 9 9 13 3 4 3 11 4 4 12 11 5 11 3 11 3 11
1 2 6 7 5 3 4 8 3 10 4 3 3 4 3 10 4 3 4 4 3 4 3 3 1 3 12 4 3 11 11 11 11
1 2 8 7 8 5 3 8 9 13 3 4 3 3 3 4
1 2 6 7 5 5 3 9 9 10 5 4 4 11
1 2 6 7 4 3 5 8 9 10 4 3 3 4
1 2 6 7 3 3 5 8 9 13 4 3 4 4 11 4 4 4 3 16 3
1 2 8 7 4 3 5 9 9 10 4 3 4 3
1 2 6 7 5 4 5 8 9 10 4 3 11 5 4 3 4 3 11 12 12 4 5 4 3 15 11
1 2 6 7 4 4 4 8 9 10 4 3 4 4 11 3 4 11
1 2 6 7 8 5 5 8 9 10 4 3
1 2 6 7 4 3 5 8 9 10 3 4 4 3 3 4 3 3 4 1
1 2 6 7 8 4 3 9 9 10
1 2 6 7 5 3 4 8 9 10 3 5 3 4 3
1 2 6 7 4 3 5 9 9 10 3 3 11 3 4 3 3 3
1 2 6 7 5 3 5 8 9 10 4 4 4 12 3 3 3 4 4 11 4 4 4 12 3 11 4
1 2 6 7 8 4 5 9 10 10 4 3
1 2 6 7 5 4 5 8 4 10 4 4 3 11 3 3 3 11 4 5 12 4
1 2 6 7 8 3 5 8 9 10 4 4 11
1 2 6 7 5 5 4 8 3 10 4 4 4 4 5 4 4 4 12 3 12
1 2 6 7 4 5 5 9 9 10 4 5 5 3 5 4
1 2 6 7 5 4 5 9 9 10 3 3 3 4 4 4 4 4 3 12 3 11 12 4 5 11 4 4 11
1 2 6 7 3 4 4 9 4 13 4
1 2 8 7 8 4 5 8 9 10 3 4 4 3 11 3 4 3 5
1 2 6 7 5 4 4 9 4 10
1 2 6 7 8 4 3 5 3 10 3 11 3 4
1 2 6 7 4 3 3 8 9 10 4 11 4
1 2 6 7 4 4 5 9 9 10 4 3 3
1 2 8 7 3 4 5 8 9 10 4 3 11 4 4 3 4 4 4 3 4 3 12 3
1 2 6 7 8 5 5 4 9 10 4 4 4 4 3 4
1 2 8 7 3 4 5 8 9 10 3 3 4 3 3 3 3
1 2 6 7 4 4 4 9 9 10 3 4 10 12 3 11 3 11 12 3 4 11 4 3 4 4
1 2 6 6 5 3 4 4 9 10 4 3 12 3 4 3 11 11 3 3 3
1 2 6 7 4 4 5 9 9 10 4
1 2 8 7 3 4 3 8 9 13 3 4 4 11 3
1 2 6 7 4 5 4 8 9 10 4 4
1 2 6 7 4 3 3 9 9 10 3 11 5 11 4
1 2 6 7 8 5 5 9 9 10 4 3 3
1 2 6 7 4 4 5 8 9 13 4 4 3
1 2 6 7 3 4 5 8 5 10 4 4 4
1 2 6 7 5 5 5 8 3 10 3 3 11 4 3 3 11 3 11 4 3 5 11 11 4 4 1 3
1 2 6 7 3 4 3 9 9 10 3 4 3 5
1 2 8 7 8 4 5 8 9 13 4 4 12 11 12 4 3 4 5 11
1 2 6 6 5 4 5 9 9 10 4
1 2 6 7 8 5 5 9 5 10
1 2 8 7 4 4 5 9 9 10 3 5 4 4 3
1 2 6 7 4 4 3 9 9 10 4 4 10 12 3 5 3 3 4 10 5 3 4 4 3
1 2 6 7 4 4 5 9 9 13 4 4 4 5
1 2 6 5 3 5 3 8 9 10 3 3 3 4 4 4 3 3 4 11 12 3 11
1 2 6 7 3 3 5 8 4 10 3 3 3 3 11 4 11 3 4 3 4 3 3 11 3 11 4 4 4 3
1 2 6 7 4 3 5 8 9 10 3 4 4 4 4 3 11 4 4 11 3
1 2 6 7 8 4 5 5 9 13 3 4 4 3 3 3
1 2 6 7 4 3 5 8 9 13 4 11
1 2 6 7 3 4 5 8 9 10 4 11 4 11
1 2 6 7 5 3 4 8 9 10 3 3 3 3 3 4 4 5 4 11 16
1 2 6 7 5 4 5 8 9 10 4 3 3 4
1 2 6 7 4 4 5 8 9 13 4 4 4
1 2 6 5 3 5 4 8 9 10 4 4 4 11 3 3 3 11 3 3 10 4 4 3
1 2 6 7 5 4 3 8 9 10 4 11 3 3 3 3 5 3 4 4
1 2 9 7 8 3 5 8 9 10 4 3 11 11 3
1 2 6 7 3 3 5 8 3 10 4 4 4 3
1 2 6 7 4 4 4 9 9 10 4 4 4 3
1 2 6 7 5 3 5 8 9 10 4 11 11
1 2 6 7 8 3 3 9 9 10 4 4 4 3 4 3 3 3 3 5 3
1 2 6 7 4 5 5 3 9 10 4 4 4 5 4 4 11 4 5 16 3 3
1 2 6 7 3 3 5 9 9 10 4 4 3 12 3 4 3 3 4 11 12 4
1 2 6 7 4 3 3 9 3 10 4 4 4 4 3 3
1 2 6 7 5 3 5 8 9 10 3 4 5 11 4 3 11
1 2 8 7 4 5 5 9 9 10 3 3 3 4 4
1 2 6 7 8 4 5 8 8 10 4 3 3 3 4 3 3 3 3
1 2 6 7 5 5 5 9 8 10 3 3 4 3
1 2 8 7 8 3 3 8 5 13 4 4 3 4 3 3 4 3 3 3 4
1 2 6 7 3 3 5 9 3 10 4 4 3 11 4 11 3 11 4 4
1 2 6 7 3 5 3 8 9 10 4 4 4 3 11 4 11 3
1 2 6 7 5 3 5 8 9 10 4 3 11 3 4 11 11 4 3 4 4 11
1 2 8 7 9 4 4 9 9 10 4 3 3 3 4
1 2 6 7 5 4 3 9 9 10 3 4 4 3 4
1 2 8 7 5 4 3 9 9 10
1 2 6 7 4 4 4 8 9 10 4 4 3 11 5 3 3
1 2 8 7 4 4 5 8 9 10 3 13 4 3 3 5 4 4 4 4
1 2 6 7 4 4 5 9 9 10 4 4 4 4 3 4 4
1 2 6 7 3 3 5 9 9 10 3 4 5 4 9 11 3 4
1 2 6 7 4 4 5 8 3 10 4 3 3 3 11 4 3 3 3
1 2 6 7 3 3 5 8 9 10 4 5
1 2 9 7 5 3 5 9 9 13 3 4 3 5
1 2 6 7 5 3 5 3 9 10 5 3 3 11
1 2 8 7 3 3 4 8 9 10 3 3 4 3 4 11 5 11 4 14 11 16 3 3 4 3
1 2 6 7 3 3 4 8 3 10 3 3 4 5 4 12 11 3 11 4 5 5
1 2 6 7 4 4 4 8 9 10 4 4 3 11 3 12 12 4 11 4 11 3 4 3 11 4 11
1 2 6 6 3 3 5 8 3 10 4 3 3 3
1 2 6 7 4 4 5 9 8 10 4 3 4 4 4 4 11 4 4 3
1 2 4 7 8 4 5 8 3 10 4 4 3 3 3 3 4 3
1 2 6 7 4 3 4 8 9 13 3 3 3
1 2 6 7 4 4 5 8 9 10 3 10 5 11 12 4 3 3
1 2 6 7 5 4 3 8 9 10 3 4 3 11
1 2 6 7 4 4 5 8 12 10 4 4 5
1 2 6 7 5 4 5 8 9 10 4 3
1 2 6 7 4 3 3 9 9 10 10 4
1 2 6 7 4 4 4 9 9 9 10 4 3 11 4 4 3
1 2 6 7 3 4 5 9 9 10 4 4 4
1 2 6 7 4 4 5 8 9 10 3 11 4 4 11 3 3 3
1 2 6 7 3 4 5 9 9 10 11 4 4 4 3
1 2 6 7 3 3 3 9 3 10 4 4 4 3 3
1 2 6 7 5 8 3 8 9 10 3 4 3 5
1 2 6 7 4 4 4 8 9 10 4 5 3 3 4 4 3 4 3 3 3 3 3 4 1 4 4
1 2 6 7 3 4 5 9 9 10 4 4 3 4 3 3 3 3 11 4 3 3 4 3 3 3 10 3 11 11 12
1 2 8 7 4 5 4 4 9 10 4 3 4
1 2 6 7 5 4 5 8 9 10 4 5 3 11 4 5 4 4 3 4 11 4 12 4
1 2 8 7 8 3 5 8 3 10 4 3 3 3 4 3 4 5 4 4 3 11 11 3 11 4 16 11 12 11 11
1 2 6 7 4 4 4 9 9 10 3 12 4 4 3 4 4 4 3 11 3
1 2 6 7 3 4 5 8 9 10 4 3 4 4 3
1 2 6 7 5 4 5 9 9 10 11
1 2 6 6 3 3 3 9 9 13 4 4 3 11
1 2 6 7 3 4 5 9 4 10 3 3
1 2 6 7 5 3 4 9 9 10 4 3 3 11 3 4 4 4 11 3 3 3
1 2 6 7 4 4 4 9 9 10 4
1 2 6 7 5 3 4 9 9 10 3 3 4 3 3 4 11 4 11 3
1 2 8 7 3 5 4 8 4 13 4 4 4 4
1 2 6 7 5 3 4 8 4 10 4 4 4 16 4 4 3 3 3 3
1 2 6 5 3 4 5 9 9 10 3 3 3 4 3
1 2 6 7 5 9 3 9 9 10 4 1
1 2 6 7 4 4 3 8 9 10 4 4 4
1 2 8 7 8 3 5 9 3 10 3 4
1 2 6 7 5 4 5 8 9 13 3 3 4 4 3 11 3 3 5 12 11 11 11
1 2 6 7 5 4 4 8 9 10 4 3 11 4 4 4 4 4 11 5 3 3 3 3 11 3 3 4
1 2 6 7 3 5 5 8 3 13 4 3 3 3 4
1 2 6 7 3 4 5 8 8 10 3 3 11 4 5
1 2 6 7 3 4 5 8 3 13 4 4 11 11 3
1 2 6 6 4 4 4 8 9 10 3 5 3 3 3 12 4 4 3 4 12 3
1 2 6 7 4 3 5 8 9 13 4 3 11 5
1 2 6 7 4 4 3 9 9 10 10 4 4 4 3 14
1 2 6 7 4 4 3 8 9 10 4 3 11 3 4 4 3 11 5 5 3 3 3 4 11
1 2 6 7 5 8 5 9 9 10 3 5 3 4 5 3
1 2 6 7 3 3 4 8 9 10 3 3
1 2 6 7 3 4 3 8 9 10 4 3 4 3 3 3 11 3 3 4 3 11 11 11 5 11 3 4 11
1 2 6 7 5 3 5 8 9 10 4 3
1 2 6 7 8 3 3 9 3 10 3 4 3
1 2 6 7 8 5 5 8 9 10 3
1 2 6 7 4 4 5 8 9 10 4 3 3
1 2 6 7 4 4 5 8 9 10 4 3 4
1 2 6 7 9 3 4 8 9 10 3 4
1 2 6 7 3 3 5 5 9 10 3 4 3 10 11 4 14 4 4 3 4 3
1 2 6 7 5 3 3 9 9 10 3 4
1 2 6 7 3 3 4 3 8 10 9
1 2 6 7 5 3 3 8 3 10 5 11 4 3 3 11 4 4 12 3
1 2 6 7 8 3 5 8 8 13 4 3 3 3 3 5 3 3 3 3 4 3
1 2 6 7 3 5 5 9 9 10 3 4 3 3 3 4
1 2 6 7 5 3 5 8 3 10 3 5 3 11 4 3 4
1 2 6 7 5 3 5 9 9 10 4 4 4
1 2 6 7 5 4 5 9 9 10 4 5 3 5 3
1 2 6 6 5 4 5 9 9 10 3 11 4 4 3 3 4 11
1 2 6 7 3 3 5 9 9 10 3 4 5 3 4 4
1 2 6 7 3 3 3 8 9 10 4 3 3 3 11 10 3 3 4 4 11 10 4 11
1 2 6 7 3 3 5 8 3 13 3 4 4 4 4 11 4 4 4 11 3 3 11 4 12 4 11
1 2 6 7 3
1 2 6 7 3 4 5 8 3 13 11 3 4 4
1 2 6 7 4 3 5 8 9 10 3 4 3 3 3 3 4 3 3 11
1 2 6 7 3 3 3 8 4 10 4 4 3 3
1 2 8 7 4 3 5 8 9 10 3 4 3 12 12
1 2 6 7 4 5 5 8 9 10 4 11 4 11 12 11 5 11
1 2 6 7 5 3 5 9 9 10 4 5 4 3 3 11 4 5 3 5 5 3 5 11 12 11 12 11 4 4 3 12 4 5 11
1 2 6 7 4 3 5 8 9 10 4 3
1 2 6 7 8 4 5 8 9 10 4 4 3 3 4 4 3 3 3 4 4 12 4
1 2 8 7 3 4 5 8 9 10 4 4 3
1 2 6 7 8 3 5 9 9 10 4 4 5 3 4
1 2 6 7 5 3 5 9 9 10 4 12
1 2 3 7 8 5 3 3 9 13 4 4 3 3
1 2 6 7 5 5 5 8 9 10 4 4 4 12 4 3 11 3 3 3
1 2 6 7 3 5 5 9 9 10 3 4 3 4 12 11 3 4 3 5 4 12 4
1 2 6 7 4 3 4 8 9 10 4 4 11 3 3 4 4 3 11 5
1 2 6 7 8 5 4 8 3 10 3 4 1 5 14 5
1 2 8 7 5 5 3 9 9 10 4 4 4 3 4 3 11 12
1 2 8 7 3 3 4 3 9 10 4 11 3 3 12 3 3 4 3
1 2 6 7 3 4 5 9 9 10 4 4 4 4 3 4 3
1 2 6 7 5 4 4 8 9 10 3 3 4 3 4 4 4 11 12 12 4 3
1 2 6 7 5 3 4 8 9 10 3 4 3 12 3 3 3 11 4
1 2 6 7 4 5 4 9 9 13 4 4 3
1 2 6 7 8 3 5 8 8 10 3 3 3 4 3
1 2 6 7 8 4 4 8 9 10 4 11 4 3 11
1 2 6 7 4 3 3 8 9 10 3 4
1 2 6 7 3 4 5 9 9 10 4 4 3 3 4 3 4 3 11 4 11 11 12 3
1 2 6 6 3 3 5 5 10 10 5 4 4 3
1 2 6 7 3 5 4 9 9 10 3 4 3 3 3 3
1 2 6 7 5 8 5 3 8 10 3 3 5 3 3 2
1 2 6 7 8 3 4 9 9 10 4 4 5 12 3 10
1 2 6 7 3 3 5 9 9 13 3 3 3 3 3 4 3
1 2 6 7 5 4 5 8 9 10 4 3 3
1 2 6 7 5 3 4 8 9 13
1 2 6 7 4 4 4 5 9 13 3
1 2 4 7 9 3 5 8 9 10 3 4 4 4 11 11 3 3 3 4 12 11 5 3 4 4 4 4
1 2 6 7 8 4 4 9 3 10 3 3 4 3 3 4 4 3 12 3 12 4
1 2 6 7 4 3 4 9 9 10 3 3 3 3 11
1 2 6 7 3 3 4 9 9 10 4 4 4
1 2 6 7 3 5 4 8 4 10 3 3
1 2 6 4 5 3 5 9 3 10 4 4 3 4 5 3
1 2 8 7 5 5 5 9 9 10 3 3 4
1 2 6 7 4 4 5 9 9 10 3 4
1 2 6 7 4 5 5 4 3 10 5 4 4 4 4 3 4 4
1 2 6 7 9 4 5 9 9 10
1 2 6 7 4 4 5 9 9 10 3 4 5 11 11 4
1 2 6 7 8 3 5 8 9 13 4 4 3
1 2 6 6 3 4 5 8 9 10 4 4 5 11 11 5 3 3 11 11
1 2 6 7 9 3 3 8 9 13 4 3
1 2 6 7 8 3 4 8 9 13 4 3 3
1 2 6 7 3 3 5 9 9 10 3
1 2 6 7 3 3 4 8 9 10 4 4 4 3 4 16 4
1 2 6 7 3 8 5 8 9 10 3 3 3 3 3 3 4 4 11 3
1 2 6 7 8 4 5 8 9 10 4
1 2 6 7 3 4 5 8 9 3 4 3 3 3 3 4 4 3 12 11 5 3 4 3
1 2 6 7 3 3 3 8 9 10 4 4 3 3 11 3 4 4 11 5 4 16 4 4 12 11 3 11 3 10 3 3 4
1 2 2 7 8 3 5 8 9 10 3 3 11 4 4
1 2 6 7 8 5 5 8 10 10 3 3 5 4 3 4 4
1 2 6 7 4 3 5 9 9 10 3 4 4 3 11 4 3
1 2 6 6 3 4 5 8 4 10 3 5 3 3 4 11 11 12 3 5 4 3 3
1 2 6 7 9 3 4 9 3 10 3 10 4
1 2 6 7 5 8 3 9 9 10 4 4 4 4 4 4
1 2 6 7 4 3 5 8 9 10 4 12
1 2 6 7 5 3 5 9 9 10 4 4 14 3 3
1 2 6 7 4 4 4 8 9 10 3 4 4 4
1 2 6 7 4 4 5 9 9 10 4 4 11 4
1 2 6 7 4 5 3 8 9 13 3 4 10 14 11 4 4 3 3 12 4 10 4 3 11 4 3 3 11 3 11 11 3
1 2 6 7 4 3 5 8 9 10 3 3 14 3 5 4 4 3 3 4 3 4 11 3 5 1
1 2 8 7 4 4 5 9 9 13 3 4 12 4 3
1 2 6 7 4 3 5 8 4 10 4 4 4 11 4 4 3 11 4 3 4 11 12 3 5 3 11 3
1 2 6 7 3 5 5 8 9 10 3 3 4 3 4 5 4 12 3 4 4 3
1 2 6 7 3 5 3 8 9 10 4 3 4 3 3 12 11 4 4 11 5 3 5 3 4 3 11 4 3 11 12 14
1 2 6 7 4 3 5 8 9 10 4 11 11 10 3 3
1 2 6 7 3 5 5 8 9 10 3 3 4 4 3 4 4 3 3
1 2 6 7 3 4 5 8 4 10 5 3
1 2 6 7 4 4 4 8 3 10 4 4
1 2 6 7 5 3 3 8 3 10 4
1 2 6 7 5 3 4 9 9 10 4 3 11
1 2 4 7 4 4 5 8 9 10 3 4 11 3 4 3 1 4 4 3 3 11 3
1 2 5 7 8 5 4 8 3 10 3 4 4 4 3 4 4
1 2 8 7 8 3 5 9 9 10 4 3 3 4 4 12 11 3 4 3 3
1 2 6 7 4 3 5 8 9 13 3 4 5 4 3 3 4 3 12 3 4 12 3 4 3 3 11 11 5 4 4 11 11 3 3 4 4 11 4 11 4
1 2 6 7 5 5 5 3 9 10 3 4 12 3 3 4 3 4
1 2 6 7 4 3 5 8 9 10 4 3 10 4
1 2 6 7 5 3 3 8 9 10
1 2 8 7 3 4 5 9 9 10 3 3 11 5
1 2 6 7 9 4 4 9 9 10
