1 2 6 4 7 7 5 8 9 10 3 3 3 3 12 3
1 2 6 4 4 5 5 8 9 10
1 2 6 4 4 5 5 8 9 10 5 12 5 3 8 3 4 3 4 8 12 3 10 4 12 4 3 4
1 2 6 7 7 5 5 8 9 10 4 3 5 4 3
1 2 6 4 7 7 11 8 8 10 3 4 3 4 5
1 2 6 4 4 4 5 8 8 10 3 3 3 3 4
1 2 6 7 7 5 5 8 9 10 4 3 3 3 12 4
1 2 6 4 7 5 3 8 9 10
1 2 6 7 4 11 5 8 8 8 4 3 3 3 3
1 2 6 7 4 4 5 6 9 10 4 4 3 4
1 2 6 4 7 4 4 8 8 10 4 3 3 3 11 4 4 4 4 4 4 4 12 3 3 3 3
1 2 6 7 7 5 5 8 9
1 2 6 7 7 4 5 8 8 10
1 2 6 3 7 7 5 8 9 10 10 3 3 3 4 10
1 2 6 7 7 5 5 8 9
1 2 6 7 4 7 11 8 8 10 10 3 10 3 10
1 2 6 7 7 4 5 5 8 10 10 3 3 3 3 3 3
1 2 6 7 7 5 5 8 9 10 3 4 11 5 4 3 12 3 3 3 4 3 4 4 3 3
1 2 6 7 7 4 5 8 8 10 4 3 3 3
1 2 6 7 7 4 11 8 9 10
1 2 6 7 3 5 5 8 8 10 3 4 5 4 4 3 4 3 3 3 4 3 12 5 3 4 4 4 3 4 3 4 3 4 3 4 3 3 3 3
1 2 6 7 4 7 5 8 8 10 10 4 3 10 5 12 4 10 4 3 3 4 3 12
1 2 6 8 7 5 5 8 9 10 10 3 3 3 4 4 3 4 3 4 3 12
1 2 6 7 7 5 5 8 9 10 4 3 3 4 4 3 4
1 2 6 11 4 5 4 8 9 9
1 2 6 7 4 5 5 8 9 10
1 2 6 7 7 5 5 8 9 10 15 5 3 4
1 2 6 4 7 7 8 8 11 10 10 4 3 3 4
1 2 6 7 7 5 5 8 9 10
1 2 6 7 7 5 4 8 5 10 12 3 3 5 3
1 2 6 8 7 5 5 8 9 10
1 2 6 7 7 3 5 8 9
1 2 6 4 5 7 5 8 9 10 4 3 4 4 9
1 2 6 7 4 7 5 8 9 10
1 2 6 4 7 5 3 9 11 10 10
1 2 6 7 7 5 5 8 8 10 4 3 11 3 4 3
1 2 6 4 7 5 4 8 8 10 10 3 5 4
1 2 6 4 5 5 5 8 9 10 12 3 3 3 10
1 2 6 6 7 11 5 8 9 10 4 7 3 5 3
1 2 6 4 4 4 5 9 5 10 4 4 3 11 3
1 2 6 4 4 5 5 11 9 10 3 3 3 3 4 4 4
1 2 6 4 7 4 5 8 9 10 4 3 3 3 3 12 4 3 4 3 4 3 3
1 2 6 7 5 3 11 8 9 10 4 5 4 3 4 4 3 3 4 12 4 3 10 3 3 3 3 3
1 2 6 4 7 7 5 8 8 10 4 12 4 3 3 4
1 2 6 7 7 5 10 8 5 10 10 3 3 3 3 3 3 3 3 3 3 4 4 4 3 3 4 3 4 3 3 8
1 2 6 7 7 10 5 8 8 10 5 3 3 3 3 10 3
1 2 6 7 5 4 5 5 11 10 10 3 11 3 10 3
1 2 6 7 3 11 3 8 9
1 2 6 7 7 5 5 8 9 10
1 2 6 7 4 11 5 5 9 10 4 5 11 4 4 12
1 2 6 3 7 5 5 8 9 10
1 2 6 7 7 5 5 8 9 10 4 3 3 3 10 4 3 4 3 3 4 3 3 3 12
1 2 6 7 4 7 11 8 8 10 3 3 3 11 8 3 3 3 12 3 4 4 10 4 3 4 3 4 4 3 3 4 3 4 3 3 3 3 3 3 4 12 3 4 3 3 3 3 5 4 3 3 4 4 3 3 3 3 10 4 5 3 3 3 10 10
1 2 6 7 4 7 5 8 9 10 10 5 4 12 4 4
1 2 6 7 7 5 5 8 9 10 11 5 3 3 11 3
1 2 6 7 7 5 5 8 9 4 4 3 4 8 3 4 3 4 10 3 3 3 3 3 12 3
1 2 6 7 7 5 5 8 9 10 3 7 3 4 3 10
1 2 6 4 7 7 5 8 9 10 10 4 3 3 3 4
1 2 6 4 7 7 5 8 8 10 4 3 4 3 3 4 4
1 2 6 7 4 5 5 8 8 10 4 3 3 3 4
1 2 6 4 7 7 5 8 9 10 3 3 3 3 4 4 15 12 3 4 3 4 3 3 3 4 3 3 3 3 3 4
1 2 6 4 4 5 5 8 8 10 10 4 3 3 5 10
1 2 6 7 7 7 5 8 4
1 2 6 4 4 7 4 8 9
1 2 6 7 7 5 5 5 9 10 10 3 3 4
1 2 6 4 7 7 8 8 8 10 3 3 3 8 4 3 12 3 12 4 4 3 10 4 5 3 3 3 4 12 12 12 3 3 3 4 12 3 3 3 4 3 3 3 3 3 3 3 3 3 4 3 4 3 3 3 3 8 8 10 3 4 3 3 4 12 4
1 2 6 4 4 5 7 8 9 10 4 4 3 4 4 4
1 2 6 7 4 5 5 8 8 10 3 4 5 4 4 4
1 2 6 7 7 7 5 5 8
1 2 6 7 7 7 4 5 5 10 4 4 3 5 12
1 2 6 7 4 4 5 11 10 10 10 4 3 4 3 3 3 3 4 4 3
1 2 6 7 7 7 5 8 8 10 3 10 4 3 3 10 4 3 5 3 4
1 2 6 7 7 7 11 8 9 10 4 4 3 4 10 3 3
1 2 6 4 7 5 5 8 8 10 3 4 3 3 5 3
1 2 6 7 7 5 5 8 9 10 12 4 3 3
1 1 6 7 7 5 5 5 8 10 4 4 3 4 4 4 10 4 4 4 3 12 3 3 3 3 4 3 3 12 4 4 3 3 3 3 3 4 3 3 4 3
1 2 6 4 7 7 5 5 9 10 4 4 5 4 12
1 2 6 7 7 7 5 5 9 10 7 4 5 5 3 3 4 4 3 4 8 3 10
1 2 6 4 7 5 5 8 9 4 3 4 3 3 4 3 10
1 2 6 7 7 8 5 8 5 10 4 5 3 4 3 4 10 5 4 3 4 4 3 4 4 3 3 5 3
1 2 6 4 4 4 5 9 9 10
1 2 6 7 4 5 5 8 9 10
2 2 6 3 7 7 5 9 9
1 2 6 7 7 5 5 5 8 10 4 4 5 4 5 4 3 4 3 3 3
1 2 6 7 7 11 5 11 5
1 2 6 4 4 5 5 8 8 10 4 3 3 3 3
1 2 6 7 7 5 5 8 11 10 3 4 3 3 4 3 4
1 2 6 7 7 5 5 8 8 10
1 2 6 7 5 5 5 5 9 7 10 3 8 4 10 3 4 3 3 12 4 4 12 3 3
1 2 6 4 4 5 8 4 9 4 10 3 3 12
1 2 6 7 7 8 5 8 9 10 10 3 3 3
1 2 6 7 4 3 5 8 9 10 4 4 3 3 3 4 4 4 3 10 3 5 4 10 3 12 3 4 10 4
1 2 6 4 7 7 5 8 8 10 3 11 3 11 4 4
1 2 6 7 7 5 7 8 9 10
1 2 6 7 7 5 5 8 9 10 10 3 3 3 10
1 2 6 6 7 3 3 8 8 10 4
1 2 6 4 7 5 5 8 9 10
1 2 6 7 7 5 8 8 8 10 10 4 5
1 2 6 7 4 7 5 8 9 10
1 2 6 4 4 5 5 8 9 10 4 3 3 3 3
1 2 6 7 7 5 5 8 9 10 10
1 2 6 7 7 5 5 8 9 10 10 3 4 3 3 4 10 12 5 4 10 3 3 3 3 3 3 3 3 4 12 3 4 4 3 3 3 4 3 11 3 3 3 4 3 3 4 3 3 3 4 3 4 3 3 3 3 8 4 10 3 4 12 3 4 4 4 3 3 4 4
1 2 6 7 7 7 5 11 5 10 3 3 3 4
1 2 6 7 7 4 5 8 9 10 10 3 5 3 4 3 4 3 3 3 3 4 3 3 10 3 10 4 12 4 4 3 4
1 2 6 7 7 11 5 8 9 10 4 12 3 3 4 4 4 3 3 3 3 3 10 4 4 4 4 4 3 3 4 12 4 4 4 12 4 3 3 3 3 4 3 4 3 4 4 4 4 3 3 4 3 4 3 3 3 3 5 4 3 5 5 4 8 3
1 2 6 7 4 5 5 5 8 10 10 4 4 3
1 2 6 7 7 3 5 8 9 10 10 3 3 5 3 3 4 4 3
1 2 6 7 7 5 5 9 9 10
1 2 6 7 5 5 5 8 9 10 10 4 3 4 3 4
1 2 6 7 7 7 11 8 8 10 4 3 5 3 3 4 3 4 3 3 4
1 2 12 7 4 4 5 5 8 10 4 3 3 4 3 12 3 3 12 12 10 4 4 4 3 3 4 3 10
1 2 6 7 4 4 5 8 8 10 4 4 5 12 3 5 3 3 4 3 4 12 3 4 3
1 2 6 4 7 11 5 8 8 10 10 12 4 3 5 4
1 2 6 7 5 4 5 5 8 10
1 2 6 7 7 7 5 8 9 10 10 3 4 5 10
1 2 6 4 4 5 8 8 9 10
1 2 6 7 4 5 5 8 9 10 10 3 3 4 4 3 10 3 3 4 3 3 12 3 3 3 4 4 4 3 3 3 4 3 10
1 2 6 4 4 3 8 8 9
1 2 6 7 4 3 5 8 8 10 4 4 4 3 3 4
1 2 6 7 7 7 5 8 9 10
1 2 6 7 7 5 5 9 9 5
1 2 6 4 7 4 5 8 9 10
1 2 6 5 4 4 11 8 9
1 2 6 7 7 5 5 8 9 10 10 4 3 3
1 2 6 7 4 5 5 8 9 10
1 2 6 4 7 5 5 8 8 10 4 4 5 4 3 3 3 4 3 4 10 3 4 5
1 2 6 7 7 3 8 8 9 10 4 3 12 3
1 2 6 5 4 5 5 8 8 10 4 4 3 5 3 4 4 10 12 5 3
1 2 6 7 7 7 5 8 5
1 2 6 7 4 5 5 8 9 10 5 4 3 5 5 3
1 2 6 7 7 5 5 8 9 10
1 2 6 4 7 7 4 8 8 12
1 2 6 6 4 7 3 8 8 10 4 4 4 3 3 3
1 2 6 4 7 7 5 11 9 10 3 3 10 3 3
1 2 6 6 7 5 7 8 10 10 4 4 3 3 4 12
1 2 6 7 11 3 5 5 9 10 4 4 4 5 3 3 4
1 2 6 4 4 5 11 8 9
1 2 6 7 4 5 5 9 5 3 4 5 4 3 4
1 2 6 4 5 7 4 5 9 4 4 3 3 3 3 7 4 5 3 3 3 4
1 2 6 7 7 11 5 5 9 10 4 3 3 3 3
1 2 6 7 4 4 5 8 9 10 3 3 3 3
1 2 6 7 7 5 5 11 8 10 3 4 3 3 3 4 4
1 2 6 7 4 11 5 5 9 3 10 12 3 3 4 3 4 3 3 3 3
1 2 6 4 7 7 5 8 9
1 2 6 4 7 5 5 8 11 10 3 3 5 5 10 3 4 3 4 4 4 3 4 3 3 3 4 4 3 4 12 3 3 4
1 2 6 7 7 3 4 8 5
1 2 6 7 4 5 7 8 9 10 12 3 3 4 3 3 3 3 4 4 4 3 4 3 3 3 3 3 12
1 2 6 4 7 5 5 8 8 10 3 4 3 8
1 2 6 4 4 7 5 8 9 10 10 4 5 3 4 4 12 12 3 3 3 3 12 4 3
1 2 6 7 7 7 5 8 8
1 2 6 4 4 5 5 5 8
1 2 6 4 7 7 5 8 9 10 4 3 4 4 3 10 10 12 3 3 12 12 4 3 3 3 4 4 4 3 4 3 4 4 3
1 2 6 7 7 7 5 8 8 10 3 4 5 3 4 3 10
1 2 6 4 7 11 11 8 9 10
1 2 6 7 7 7 5 8 9 10 3 11 4 3 5 3 3 3 3 4 3 12 3
1 2 6 7 7 5 11 8 9 10 3 3 5 4 3 3 3 3 4 4 4
1 2 6 7 7 5 5 8 9 10
1 2 6 7 7 4 6 8 9 10 3 3 3 3 5 3 3
1 2 6 6 7 5 8 8 9 10
1 2 6 7 7 11 5 8 9 10 4 4 3 4 3 3 4 3 3 4 12 3
1 2 6 6 7 11 5 8 9 4
1 2 6 7 4 5 5 9 9 5 3 4 3 4 12
1 2 6 6 7 7 7 8 9 10 3 4 3 4 3
1 2 6 7 7 4 11 9 9 4 4 3 3 4 3 3 10 3 4 3 3 3 4 12 12 4 4 3 3 3
1 2 6 7 4 11 5 8 9 10
1 2 6 4 7 4 8 8 8 9 10 15 4 3 4 4 10 3 4 4 3 4
1 2 6 7 4 5 5 8 8 10 4 3 3 11 3 3 3 10 4 4 10 3 3 3 4 3 3 4 4 4 3 3 4
1 2 6 7 4 5 5 8 9 4
1 2 6 7 7 5 7 5 9 10 10 3 4 4 4 3 3 4 3 3
1 2 6 7 7 5 5 8 9 10
1 2 6 7 7 7 5 8 9 10 10 4 11 3 10 3 3 4 3 3 3 4 3 12 3 4 3 3 3 4 3 12 3 4
1 2 6 4 7 5 5 8 9 10 3 4 3 3 3
1 2 6 7 7 11 5 8 9 10
1 2 6 4 7 5 3 5 8 10 10
1 2 6 7 7 5 5 8 9 10 10 3 3 3 3 10 4 3 3 4 3 4 3 3 3 4 3 3
1 2 6 4 7 5 5 8 9 10 12 4 3 4 3 3 10 3 4 11 3 3 4 4 3 3 3 4 3 12 3 3 4 3 4 3 3 3 4 4 3 4 4 3 3 12 4 12 3 3 3 5 4 4 3 3 3 4 4 3 4 10 3 3 4 10 3 10 4 4 3 3 10 14 12 3 15 4 3 10 4 3
1 2 6 5 5 5 5 8 9 10 10 3 11 3 5 10 3 3
1 2 6 4 7 7 5 8 8 10 10 3 3 3 3 3 4 3 3 3
1 2 6 7 7 5 5 8 9 10 10 4 3 5 3 3 3 4 3 3 3 3 4 3 3 4 3 4 4 4 12 4 4 4 3 4 4 3 3 4 3 3 4 3 3 4 4 4 3 3 3 3 10 3 3 5 3 8 4 4 4 3 5 3 4 3 4
1 2 6 7 7 5 3 8 9 10
1 2 6 4 5 11 8 8 8 10 4 4 3 5 11
1 2 6 7 7 8 11 8 9 10 4 4 3 4 10 4 3
1 2 6 7 4 11 6 11 9 4 10 3 8 4 3
1 2 6 7 3 5 5 8 5 10 4 5 3 3 4 3 3 4 4 3 3
1 2 6 4 7 3 5 5 9 10 3
1 2 6 7 4 4 3 8 8 7 10 3 11 4 4 4
1 2 6 7 7 5 3 4 8 10 4 4 11 3
1 2 6 7 4 11 5 7 9 10 3 3 3 4 5 10 10 3 12 12 3 4 4 3 4 3 3 4 4 3 3 3 3 4 4
1 2 6 7 7 4 5 8 9 10
1 2 6 4 5 5 3 5 9 4 3 3 3 3 5 4 12 3 3 3 3 4 3 4 3 3
1 2 6 7 7 4 11 5 5 10 10 3 3 3 3 4
1 2 6 4 4 4 5 8 8 10 10 4 3
1 2 6 7 7 5 5 9 9 10
1 2 6 7 4 3 5 8 9 10 10 10 3 4 12 12 3 3 3 4 3 4 3 3 4
1 2 6 4 4 3 5 8 9 10 4 3 5 11 4 4 3 12 3 3 3 4
1 2 6 7 7 3 8 8 9 10 10 3 3
1 2 6 7 7 7 5 8 9 10 4
1 2 6 5 5 4 3 8 9 10 10 3 5 12 4
1 2 6 7 7 7 5 8 9 10 4 3 5 4 3 3 12
1 2 6 7 7 5 5 5 9 10
1 2 6 7 4 3 5 5 5 4 3 7 3 5
1 2 6 4 7 7 5 8 9 10 10
1 2 6 7 4 7 3 5 9 10 3 3 5 4 10 3 3 4 3 12 4 4
2 2 6 7 7 11 5 8 9
1 2 6 4 4 5 3 8 8 10
1 2 6 4 12 12 11 8 9
1 2 6 4 4 7 11 8 8 10 3 3 3 5
1 2 6 7 7 11 5 8 9 10 4 5 4 4 10 3 10
1 2 6 7 5 5 3 8 9 10 10 4 3 3 3
1 2 6 4 7 4 6 9 9 10 10 11 3 4 3 3 4
1 2 6 7 4 11 5 8 9 10 10 3 4 3 5 3 3 4 3 3 4
1 2 6 4 7 5 5 8 5 10
1 2 6 7 7 7 4 8 5 4
1 2 6 7 7 7 5 8 8 10
1 2 6 4 7 4 5 9 8 10
1 2 6 7 4 3 3 8 9 10
1 2 6 4 7 7 11 8 9 10 4 11 12 4 4 12 10 4 3 3 3 3 8 3 3 3 3 3 3 4 4 4 4 3 12 3
1 2 6 7 4 7 7 8 8
1 2 6 4 7 5 11 8 9 10 12 4 5 3 12 3
1 2 6 7 7 5 5 9 8 10 3 3 3 3 3 8
1 2 6 7 7 7 3 8 9 10
1 2 6 7 4
1 2 6 4 5 4 5 8 9 10 10 3 3 10 3 4 3 3 3 3
1 2 6 7 7 5 5 8 9 10 4 4 3 4 10
1 2 6 7 4 5 3 8 9 10 4 10 11
1 2 6 4 7 7 7 11 5 10 12 3 3 8
1 2 6 4 7 5 5 9 9
1 2 6 7 4 4 5 8 9 10 4 4 4 3 3 10 4 4 3 3 4 4 12 3 4 3 3 4
1 2 6 7 5 7 5 8 9 10 3 4 4 3 3 10 3 5 3 4 3 4 4
1 2 6 4 4 5 5 8 9 10
1 2 6 7 7 5 5 8 9
1 2 6 7 7 5 5 8 9 10
1 2 6 7 7 5 5 8 8 10
1 2 6 7 7 5 7 8 9
1 2 6 7 7 5 5 8 8 10 3 3 3 5 3 4 4
1 2 6 4 4 5 5 5 8 10 11 12 3 3 4 3 3
1 2 6 7 4 5 5 8 8 10 4 12 3 3 3 4
1 2 6 7 4 7 5 8 5 10 4 4 3 3 5 4 3 3 3 3 3 3 3 12 3
1 2 6 7 7 7 5 8 9 10 3
1 2 6 7 7 5 5 8 9 10
1 2 6 4 7 5 5 9 9 10 3 3 3 3 3 3
1 2 6 7 7 5 5 8 9 10 3 3 4 4 4 4
1 2 6 7 4 5 5 9 9 10 10 4 3 3 12 4 4 4 3 3
1 2 6 7 7 5 7 8 8 10 3 4 3 4 10 4 3 3 3 4 4
1 2 6 6 7 7 5 8 9 10 4 3 3 3 3 4 3 3 3 4 10 4
1 2 6 7 7 5 5 11 9 10 10 4 3 4
1 2 6 7 4 5 5 8 11 10
1 2 6 7 4 5 8 8 9 10 4 4 3 8 4
1 2 6 4 4 5 5 5 9 10 10 4 3 3 3 4 4 3 4 4 4 3 3 12 4 3 3 3
1 2 6 4 4 5 5 8 9 10 7 3 3 5 4 4 3 4 4 3 3
1 2 6 7 7 7 5 8 9 10
1 2 6 7 7 5 3 8 8 10 3 3 3 3 5 10 3 4 8 3 3 4 10 3
1 2 6 3 7 11 5 8 9 10
1 2 6 7 7 5 5 8 8 10 4 3 4 3 10
1 2 6 7 5 7 5 8 8 10 10 5 4 3 3 3
1 2 6 7 5 11 8 8 9
1 2 6 4 4 5 5 8 9 10 10 3 3 11 3
1 2 6 4 7 5 4 9 9 10 10 3 3 3 4 4
1 2 6 7 7 5 5 8 9 7 7 3 3 3 4 4 4 3 3 4 3 10 3 10 3 3 12 3 4 4 4 4 4 3
1 2 6 7 7 11 5 5 9 10
1 2 6 7 7 4 5 6 9 10 3 12 4 3
1 2 6 7 7 5 5 8 5 10 4 4 3 3 5
1 2 6 5 4 4 5 8 9 10 4 3 3 11 5 3 4 3 3 8
1 2 6 7 7 5 5 8 8 10 10 4 12 3 3 4
1 2 6 7 7 4 5 9 9 10 10 4
1 2 6 7 7 3 5 8 9 10 12 4 4 4 3
1 2 6 7 4 7 5 8 5 10 3 3 3 8
1 2 6 7 7 3 5 9 9 10 10 3 8 3 3 10 4
1 2 6 4
1 2 6 7 7 7 3 8 9 10
1 2 6 4 5 3 5 11 9 10 7 4 3 3 4 3
1 2 6 4 4 5 5 5 8 10 10 5 3 5
1 2 6 6 8 5 5 5 9 4 3 10 10
1 2 6 7 7 7 5 8 9 10 10 3 3 3 3 3 4 3 3
1 2 6 7 7 10 5 8 9
1 2 6 7 4 8 5 5 9 10 3 3 4 4 10 3
1 2 6 7 7 3 11 5 10 10 3 10 4 3 4 3 12 10
1 2 6 4 4 5 5 8 9 10 3 4 3 3 3 3
1 2 6 4 7 5 5 8 9 10 4 3 3 5 3 12 3 3 3 3 4 3 4 4 3 4 4 4 12 4 12 3 4 12 3
1 2 6 7 7 5 5 8 8 10 3 3 3 3 3 3 3 12 4 4 4 4 3 3 3 4 3
1 2 6 4 5 7 5 8 9 10 4
1 2 6 7 7 3 5 8 5 10 10 5
1 2 6 7 7 5 5 8 9 10 4 4 3 3 4 4 3 4 4 4 3 4 4
1 2 6 7 7 11 3 8 9 10
1 2 6 7 7 5 3 8 9 10 4 3 12 3 3 3 5
1 2 6 7 7 7 5 8 9 10 4 3 3 3 3
1 2 6 4 7 5 11 8 9 10 10 3 3 4 10 4 12 3 3 4 4
1 2 6 4 7 7 5 8 9 10 10 12 3 3 3 4
1 2 6 6 4 5 8 8 9 10 3 3 3 3 5 3 3 3 3 3 12 4 4 4 3 3 3 3 12 12 4 3 4 4 4
1 2 6 7 3 7 11 5 9 10
1 2 6 7 5 5 5 5 9 10 4 3 3 3 5 4 10 3 4 3 3 4 4 3 3
1 2 6 4 5 7 5 8 9 10 4 4 3 8
1 2 6 7 7 5 5 5 9 10 10 4 4 5 3 4
1 2 6 7 7 4 5 5 8 10
1 2 6 7 4 7 8 8 9 10
1 2 6 4 4 7 3 8 9
1 2 6 7 4 5 5 9 9 10 10 4 3 4 3
1 2 6 7 7 3 8 8 9 10 3 3 3 8 10
1 2 6 4 4 5 3 8 8 10
1 2 6 4 7 7 5 8 9 10
1 2 6 4 7 10 5 8 9
1 2 6 7 7 5 5 8 8 10 10 4 3 5 4 4 12 3 12 12 3 3 12 3 12 3 4 3 3 4 3 3 5 12 12
1 2 6 7 5 11 11 8 8 10 10 4 3 3 3 4 4 12 4 11
1 2 6 7 7 5 8 8 8
1 2 6 7 7 3 5 8 9 10 4 4 3 4 4 3
1 2 6 7 7 7 3 5 9
1 2 6 4 7 4 5 8 9 10 10 3 4 3 5 3 3 3 3 4 4 12 12 3 3 4 11 3 12 3 3 4 3 4 12 4 4 3 3 3 3 4 3 3 3 4 4 3 3 4 3 8 12 4 3 3 5 5 3 5 3 3 4 3 3 3 10 3 10 3 4 3 3
1 2 6 4 7 4 5 8 8 10 10 4 3 3 5 3 3 3 3 3 4 4 3 3 4
1 2 6 7 7 3 5 8 9 10
1 2 6 4 7 5 4 8 8 10 10 3 3 3 3 4 12 4 4 3 3 3
1 2 6 7 7 3 11 8 9 10 4 5 5 4 3
1 2 6 7 5 4 4 8 9 10 4 3 4 5 10 3 3 4 3 3 3 12 4 4 4 4 4 3 3 3 3 3 12 3 10 12 3 4
1 2 6 4 4 5 5 11 9 10 3 4 3 3 4 3 12 3 3 3 3 3 4 3 10 3 3 4 3 10 3 3 3 12 10 3 3 4 12 4 4 3 12 5 3 3 3 12 3 3 11 8 10 3 3 4 3 3 4 3 3 3 3 3 4
1 2 6 7 3 5 5 8 9 10 10 12 3 3 4 10 10 3 4
1 2 6 7 7 5 5 5 9
1 2 6 7 4 7 5 8 9 10 4 4 3 4 9
1 2 6 6 5 3 5 5 9 10 4 3 4 4 5 4
1 2 6 7 4 7 5 8 9 10
1 2 6 7 7 5 3 8 9 10 10 3 3 3 10 10 4 12 3 3 3 3 3 4 3 3 3 3 4 4
1 2 6 4 4 5 5 8 9 10 12
1 2 6 4 7 7 5 5 8 10 3 3 3 10 4 3 3 3
1 2 6 6 4 5 5 8 9 10
1 2 6 6 7 7 5 8 9 10 10 3 4 3 4 4 4 3 3 4 3 4 4 3 4 3 3
1 2 6 7 7 11 5 8 8 10
1 2 6 7 7 7 5 8 9 10 4 3 3 5 4 4 3 3 4 4
1 2 6 7 4 4 11 8 9 10 3 3 3 3 10 4 3 3 12 3 3 12
1 2 6 4 7 5 5 9 9 10 3 3 3 3 4 4 3
1 2 6 7 4 11 7 8 8 10 3 4 3 3 4
1 2 6 8 7 4 5 5 9 11
1 2 6 4 4 5 5 8 9 10 10 3 3 12 3 4 3 3
1 2 6 4 7 5 5 8 9 10 3 3 3 3 10 3 3 4 3 3 3 12 4
1 2 6 6 5 7 5 8 8 10 10 4 3 3 3 4
1 2 6 7 11 3 5 8 9 10 12 10 3 3 4 4
1 2 6 4 11 5 5 8 9 10 3 4 3 5 3 4 3 4 3 3 4 4 3 4 3 3 4 4 3 3 10 3 3
1 2 6 4 7 5 5 8 9 4 10 3 3 5 3 4
1 2 6 8 7 11 5 8 5 10 4 3 4 3 4
1 2 6 7 7 5 5 8 9 10 10 3 3 11 3 3
1 2 6 5 7 7 5 8 9 10 10 3 5 3 4 10
1 2 6 7 7 5 4 5 9 10
1 2 6 7 4 5 8 11 9 10 10 3 3 4 4 4 3 3 3 3 4 4 12 3 3 4 3 3 4 3 3 3 4 10 4 3 3 3 3 4 3 4 12 12 4 3 3 4 3 3 4 3 4 4 3 3 5 4 3 4 3 5 3 5 8
1 2 6 4 7 8 5 5 5 10 4 3 4 4 3 5 12 4 4 3 3 3 3 3 3
1 2 6 4 5 4 5 8 11 10 4 3 3 3 4
1 2 6 7 8 5 5 5 5 4
1 2 6 7 4 10 4 8 9 10
1 2 6 7 7 5 7 8 8 10
1 2 6 7 5 5 11 9 9 10
1 2 6 4 7 11 11 8 9 10 3 4 3 3
1 2 6 7 4 11 3 8 9 10
1 2 6 7 4 5 5 8 9 10 4 3 3 3 4 4 12 3 4 4 4 3 8 3 3 3 8 4 4 3
1 2 6 4 7 7 5 11 9 10
1 2 6 7 4 5 5 8 9 10
1 2 6 7 4 5 5 5 8 10
1 2 6 7 7 7 5 8 9 10
1 2 6 7 7 4 4 12 9 4 3
1 2 6 4 7 5 5 8 9 10
1 2 6 7 4 4 5 8 9 10
1 2 6 7 7 5 5 5 9 5 4 4 5 3 3 3 10 4
1 2 6 4 4 11 5 11 9 10
1 2 6 4 7 7 11 8 9 10
1 2 6 4 7 5 7 8 11 10
1 2 6 7 7 7 5 8 9 10
2 2 6 7 7 5 5 8 8 10 10 3 3 3 3 4 4 4 4 3 4 3 4 4 3 3 4 3 4 4 3 3 4 3 3 4 3 4 4 3 3 10 4 3 4 3 3 3 4 3 4 3 5 3 3 3 3 3 4 3
1 2 6 4 4 7 5 5 9 10 4 4 3 3 4 4 10 3 3 3 3 3 4 4 3 4 3 3 3 10 3 3 3 3 3
1 2 6 7 7 5 5 8 5 10 10 3 3 4 4 4 3
1 2 6 6 7 5 5 9 9 10 10 4 3 4 10
1 2 6 7 4 11 5 8 9 10 10 10 3 11 3 3
1 2 6 4 7 3 5 8 8 11 3 4 5 8 4 4 3 4 3 12 3 3 12 12 3 3 3 3 4 3 3 16 4 3 3 12 4 3 3 10 3 12 5 3 3 3 3 4 3 3 5 4 4 3 5 3 3 3 8 4 3 3 3 5 10
1 2 6 7 4 7 5 8 8 10 12 3 3 4 4 3
1 2 6 7 7 5 5 8 9 10 3 4 3 3 4
1 2 6 7 3 5 5 8 9 10
1 2 6 7 4 7 5 8 9 10 10 3 4 3 4
1 2 6 7 7 5 5 8 9 10 4 10 3 3 3 3
1 2 6 7 7 5 5 8 9 5 10 4 3 11 8 4 12 3
1 2 6 7 7 3 5 8 9 10 10 4 3 3 4 3 4 3 3 3 4 4 4
1 2 6 4 7 5 5 8 8 10 4 12 5 3 3 4
1 2 6 7 4 4 5 8 9
1 2 6 7 7 5 11 8 9 10 3
1 2 6 7 7 4 5 8 9 10
1 2 6 7 4 5 5 8 9 10 5 3 3 3
1 2 6 4 5 5 11 8 9 10 10 3 3 4 3 3 3
1 2 6 4 7 5 5 8 11 10 4
1 2 6 5 7 4 5 8 9 10
1 2 6 5 7 7 3 8 8
1 2 6 7 3 7 5 5 9 10 10 3 3 12 11
1 2 6 4 7 7 5 8 9 10 10
1 2 6 7 4 5 5 5 9 10 5 5 3 3 4 3 3 12 4 3 4 4 4 3 3 4 3 4
1 2 6 7 7 5 5 8 9 10
1 2 6 4 7 5 5 8 9 10 10
1 2 6 7 4 5 8 8 8 10 10 4 3 4 4 4 3 3 3 4 8 4 4 4
1 2 6 4 7 3 5 8 9 10 3 3 7 8 4 12 3 4 3 3 3 10 4 3 3 3 4 4 4
1 2 6 7 4 11 5 8 9 10
1 2 6 7 7 5 5 8 5 10 3
1 2 6 7 7 5 5 8 9 10 4 3 3 3 3 11 3
1 2 6 7 7 7 5 8 8 4
1 2 6 4 7 3 5 9 9 10 3 4 3
1 2 6 7 7 7 5 8 8 10 7 4 3 3 11
1 2 6 7 7 5 5 8 9 10
1 2 6 4 4 4 5 9 9 10 4 3 3 3 4 3
1 2 6 4 7 4 5 8 8 10 3 3 3 8 3 4
1 2 6 4 4 11 3 8 9
1 2 6 7 7 4 5 5 8 10
1 2 6 7 4 5 4 5 8 4 4 3 3 3 3
1 2 6 7 4 5 5 8 9 10 3 3 3 3 12 10 12
1 2 6 4 7 3 11 8 9 10
1 2 6 7 7 4 5 9 9 10 3 12 3 4 3 3
1 2 6 4 7 5 5 8 9 10 4 5 11 5 3
1 2 6 7 7 7 8 9 9 10
1 2 6 4 7 5 11 5 9 10
1 2 6 7 7 5 11 8 9
1 1 6 4 7 8 5 8 11 10 4 3 3 3 4 3 3 4 3 3 4 4 3 4 3 3 4 4 4 4 3
1 2 6 7 4 5 5 9 9 10 10
1 2 6 7 4 4 5 5 8
1 2 6 7 4 5 5 11 9 10 3 3 11 3 3 3 3 12 4 4
1 2 6 7 7 7 5 8 10
1 2 6 7 7 5 5 8 9 10 10 3 4 5 4
1 2 6 7 5 3 5 8 9 10
1 2 6 7 7 5 5 5 9 10 4 4 11 11
1 2 6 7 7 3 5 5 9 10
1 2 6 6 5 4 5 9 8 10
1 2 6 5 4 5 5 9 9 10 10 4 11 11 5 4 12 4 3 5
1 2 6 4 4 7 5 8 8 10 3 4 3 3 3 4 3 12 12 4
1 2 6 7 5 5 5 8 9 4 4 4 3 3 5 3 10 3 3 3 4 4 3 3 3 3 3 4 4
1 2 6 6 7 3 11 8 8 10 4 4 4 12 5
1 2 6 7 7 5 5 8 9 10 10 4 3 4 12 12
1 2 6 7 7 4 5 8 8 10 10 4 4 4 10
1 2 6 7 7 7 5 11 9
1 2 6 7 5 4 4 8 8 7
1 2 6 7 7 10 5 8 5 10
1 2 6 4 4 3 5 8 9 10
1 2 6 4 4 11 8 8 9 10 4 4 3 4 4 3 12 3 3 3 3 4 3 3 3 4 3 4 3 4 4 3 4 3 4 3 4 3 3
1 2 6 7 7 4 5 8 8 10
1 2 6 7 4 11 3 8 11 10 5 4 3
1 2 6 7 7 5 5 11 9 10 7 4 4 3 3 4 4 3 3 3 3 3
1 2 6 4 4 5 5 11 9 10 4 5 11 3 10 4 10 4 4 4
1 2 6 7 7 5 5 11 5 10
1 2 6 4 5 5 5 8 9 10 3 4 3 5 5 10 3 12 3 3
1 2 6 7 7 4 5 5 9 10
1 2 6 7 7 5 3 3 11 10 3 12 4 4 4 3 3 3 3 3 3 3 4 4 4 3 4 12 12 3 12 12 3 12 3 4 3 3 3 3 3 3
1 2 6 4 7 5 5 9 9 10 5 3 11 5 3 3 3 3 3
1 2 6 7 7 7 5 8 8 10 3 4 3 4 8 3 12 3 3 3
2 2 6 7 5 7 5 8 9 10
1 2 6 4 7 8 5 8 8 10 12 3 4 4 5
1 2 6 4 4 4 5 8 9 10 4 4 5 4 3 10 3 3 3 3 10 4 10 3 3 3 3
1 2 6 7 4 7 5 8 9 4
1 2 6 4 7 5 7 8 9 10 3 4 3 3 10
1 2 6 7 5 3 5 8 9 10 10 4 3 4 3 3 3 3 3 4 4 3
1 2 6 7 7 5 5 11 5 10 4 3 4 3 4
1 2 6 4 7 3 5 9 9
1 2 6 4 7 7 11 8 9 10
1 2 6 4 7 5 5 5 9 10 3 4 8 4 3 3 3 4 3 3 3 4
1 2 6 3 11 11 5 8 9 10 4 3 3 3
1 2 6 4 7 7 11 8 9 10 3 3 4 12 15 3
1 2 6 5 5 5 5 8 8 10 3 4 3 3 3 4 3 4 4 3 12 3 12 12 4 3 10
1 2 6 7 7 7 5 5 9 10 3 4 5 8 3 4 11 3 3 3 3
1 2 6 7 5 11 8 8 9 10 3
1 2 6 4 7 7 11 8 9 10 3 4 3 4 3 3
1 2 6 7 7 4 5 8 8 10 3 4 3 4 3 3 4 12 4 12 4 10 10
1 2 6 7 4 3 5 8 9 8 10 3 4 3 3 15
1 2 6 4 5 5 5 8 8 10 4 3 3 3 4 3 3 12 12 3 12 4 3 4 3
1 2 6 7 7 4 3 3 9 10 4 10 4 3 4 4 12 3 4 5 3 3
1 2 6 7 7 7 5 11 9 10 4 5 3 3 10
1 2 6 4 7 7 11 9 8
1 2 6 7 5 4 3 5 8 10 4 3 4 3 4 4 3 4
1 2 6 11 7 4 5 8 9 10
1 2 6 7 7 5 5 8 9 10 3 4 3 5
1 2 6 7 4 5 5 4 8 10 5 3 3 5 4 3 10 3 3 10 10 4 4 12 3 4 3
1 2 6 7 4 5 5 8 9 10 10 3 3 5 4
1 2 6 7 4 5 5 8 9 10 4 3 4 3 3
1 2 6 7 7 7 5 8 9 10 4 4 4 12 4 15 3 12 3 3 10 3
1 2 6 7 7 4 3 8 10 10 4 10 12 3 3
1 2 6 7 7 5 5 8 9 10 3 4 3 8 8 4 4 4 4 3 3 12 12
1 2 6 7 7 3 5 8 9 10 3 3 3 4 3 3
1 2 6 4 4 5 8 8 9 10 10 4 3 4
1 2 6 7 10 4 5 8 9 10 4 4 4 4 5 4
1 2 6 4 7 5 3 9 9 10 5 5 3 8 3 3 12 3 4 4 3 3
1 2 6 4 7 5 11 8 9 10 4 3 4 4
1 2 6 7 7 4 5 8 8 10
1 2 6 4 7 11 3 9 9
1 2 6 7 7 7 5 8 9 10 4 4 5 10 3 4 3 3
1 2 6 7 5 5 5 8 9 10
1 2 6 7 3 5 5 8 9 10
1 2 6 7 7 11 5 8 8 10 4 3 3 12 4 12
1 2 6 7 5 7 11 8 8 10
1 2 6 7 7 3 5 8 9 10
1 2 6 4 4 3 5 8 9 10 4 4 11 4
1 2 6 3 7 3 3 5 9
1 2 6 7 7 5 5 5 9 10 3 4 5 3 4 3 3 3 3 4 3 4 3 3 4 3 4 4 8 3 3 3 11 3 3 12 3 4 3 4 3 3 3 3 3 4 3 3 4 3 3 3 5 3 3 4 3 4 3 3 4
1 2 6 7 7 7 5 8 8 10 4 4 3 3 10 4 3 3 3
1 2 6 7 5 7 5 8 9 10
1 2 6 7 4 11 8 8 9 10
1 2 6 7 7 5 7 8 10 10 4 5 3 3 4 3 4 4 3 3 4 3 5
1 2 6 7 4 5 5 9 5 4 4 5 12 3 3
1 2 6 7 7 7 5 5 9 7
1 2 6 4 7 3 5 8 8 10 4 4 3 5 3 4 4 3 4 3 4 4 4 10 12 3 3 3 12
1 2 6 7 7 5 5 5 9 10 4 3 11 3 3 4
1 2 6 11 7 11 5 5 9 10
1 2 6 7 7 10 5 11 9 10 3 11 12 3
1 2 6 7 7 3 7 8 9 10 10 4 3 4 10
1 2 6 7 7 5 5 5 9 10 4 4 4 3 4 4 3 3 3 3 3 3 4 4 3 11 4 3 4 3
1 2 6 7 7 5 5 8 9 10 3 4 3 8 4 3 4 3 3 3 4 3 4 3 4 3 3 10 4 3 3 3 3 3
