1 1 3 8 3
3 2 3 2 3 4 3 20 3 1 13 10
14 8 1 21 4 1 15 13 15 11 20 4
11 1 2 1 20 2 15 26 2 16 11 15

1
2 39 15 3 23 7 4 7 11 20 7 13
13 8 7
3 15 3 1
15 41 8 46 2 3 15 56 15 15 4 2

8 53 8 16 1 38
8 13 3 3 1 1 3 36 2
3 3 4 11 1 3 15 3 15 15
8 15
2 15 1 8

20 2
1
1 2 3 35 9 3 51 3 15 4 1 1
1 13
15 1 3 2
3 55 2 12 2 11


11 3 3
13
8 26 2 4
1 13 13 13 3
1 1 34 3 2
3 3 15 4 3
1 20 15 34 3 15 18 3 34 2

1 8 7
3 20 65
56 1 3 1 15 47 15 3 1

1 42 3
3 15
4 3 1 8
65 2 1 15 15
15 11 11 57 26 13 38 3 8 1 1 4
20
1 4

9
4 2 42 11 3 22 24
20 39 40 34 4 2 13 1 1 2 15 3
30
66 1
1 2 8 3 15 1 11 2 1
1 3 1 7 3 32 1 3
15 29 11 26 15
11

8 2 1 3 1 3
3 3
7

3 3 11
3 2
4 16 1 1 15 1 2 11
3 13 11 1 4 11 26 4 1 3 3 20
2 16
20 7 20 8
3 7 13 20 61 15
1 2

5 2 11 3 3 2 4 3 1 4 13 3
11
1 2 4 11 1 2 20 1
1 2 8 1 3
3 1 20 13 1
1
1 1
15 1 1 2 21 20 2 1 15 3 1 13

8 3 1 15 11
8 3 3 2 3 1 1 1 3 4 65 15

3 3 3 3 4 13 3 1 2
13 16 1 8
8 61 3 3
1 44 8 2 11 2 4 1 2 11
8 4 1 8 2 2 4 3 4 3
3 33 7 20 1 2 11 13 1 4 66 3
1
2 4
3 3 8 3 1 54 1 3
1 1
3 3
1 2 1 1 3 7 1 11 7 1 3 1
2 15 15
2 3 1 2
13 53 15 3 1 9 2 8 6 1 8
15 11 20 15 42 2 35 2 15 3 8 8
3
1 1
2 1 2 14 3 1 5
15
1 65 1
3 3 15 2
3 13 10


15 1 9 3

2 2 46
1 11 3 49 1 26 11 1 15
4
1 4 3 7 4 52 4 3 1 15 11 4
16 3
8 7 11 4 3 4
13 2 3 11 3 59
11 3 3

3 1 3 2 3
3 3 3 33 6 3 26
3 2 11 1
2 4 26 1 3 2
20 3 1 2 8 3 26
2 44 15
3 3 13 4 1 59 1 2 1 3

3 3 15 1 4 3 2 15 15 3 2
26
15 3 3
1 1 2
3 13 2 15 2 15

15
3 2 3 3 3 7 2 2 15 15 24 3
15 15 5 8 7 8 11 2 1 3 13
2 3
1 20 3 8 15 1 8
4
11 3 2 13 3
15

1 1 1
24 11 2
41 2 1 4 1 3 3 8 1 5 8 3
11 1 17 19 3 20 2 3 1 8
1 2 1 3 8 2 1 4 11 8 15 20
13 2
34 4 28 3
7 8 7 1 11 2 15 4 8 11 1 4


8 15 11 15 2 65 7 11 1

11 26 2 1 3 13 13 9 3 2
7 2 20 2 2 2 3
15
13 53 15 15 2 4 2 15 4
2 3 11 3 10 1 11
4 3 7
3 3 4 13 3 13 1 3 1 3 3 25
3 32
11 10
2 4 11 1 16 7 15 16 1 2
13 3 4 20 54
2
15 3 2
5 3 8 67 7 2
2 4
3 15 7 10 3 4 8 1 3
20 8
8 7 15 3 60 1 3 1 8 8 1 4
2 26 1 2 4
2 1 1 1 1
3 3 3 11
16 7 11 1 2 1 3 15 15 4 3 3
20
3
3 26 15 15 1 2
2 2
7 7 1 15 2 1 4 15 2
3 11 41 4 1 3 1 11 15 1 1 7
3

3 8 2 1 5 3 20 2 1 2 4 3
4 43 2 15 2 11 4 3
3 3 1 46 1 20 3
2 2

3 13

4 13 26 1 4 4 7 1 1 20 1 3
60 1 26 3 15 15 1
3 11
7 1
15 8 41 15 53 8 2 15

13

3 8 7 3 11 11
62 2
2 4 1 59 20 1 39
1
15 3 15 7
11 1 1 1 3 20 4 42 13 11 3 20
15 1 15 4 8
16 11 1 4 15 3 1 11 3 15 2 16
8
15

4 1 3 13 3 7 1 2 2 3 2 15
1
3 7 26 8
8 66 4 3 1
8 8 3 20 8 1 15 1 8 15 3

3

8

2 3 13 3 11 3 8

3

3 1 20
3 15 36 18
8 15 15 3 1 15 8 1 1 15
1
3 34 13 1 11 4

3 4 3 1 2 8 3 3 15 3 2 7
4 29 4
1 4 1 1 11 7

11 15 2 15 2 3 15 3
15 11 2 11 5 15 2 15 36 2 15 11
1 2
3
4 2 1 15 3 4 20 1 2
4 1 2 8 3 3 15 26 1 2 2 20
13 10 4 3 7 2 3 3 16 4
2
1 1 4 3 1 20

3
4 2 2
15 4 15 67 2
2 3 7 1 7 63 3
37 15 15 15 2
1 58 3 21 1 5 3 3 49 3 1 3
2
15 13 1 1 15 20
1 3 1

20 1 2 15 2 4 2 1 4 8 20 3
13
61 15 20

11 11 15 3 1 3 20 3 35 1 3 1
20 3 60 13
15 13 4 4 3
20 15 12 2 2 2 1 1
3 3 1 15 4 1 38 3 13 15 11 1
8 1 13 3 3 3 3 15 13 15 2 1
1 1 1 8
3 13 3 15 3
11 7 1 2 13
3 8 1 15 1 15
3 15 11
1 13 3 4 2 1 2 3 2
15 43 46 43 4 4
8 15
26 3 2 57 3 1 20 1 1 1 3 15
20 3
3 3 4 8 1 7
2 23
2 13

13 2 3 2 3 4 3 2 8
58 4 4 11 1 7 15 4 15 3 4 4
20 13 3 64 1
3 1 1 2 3 1 3 4 45 1 3 2
3
20 11 1 4 13 15 3 3 13 34 4 3
1 20
3 3
20 3 15 1 8 3
8 16 4 8 56 3 13 11 1 13 8
1
15 3 29 3 7 1 7 1 1 3 3 2
11 1 11 15 1 4 2 15 7 1 3 8
8 3 3 3 7 1 15 15 1 1 8 1
4
3 4 1 2 4 1 11 4 3 3 7 3
15 4 1 15 3 2 3 11 3 2 15 41
3 3 8 8 1
2 8 8 15 3 15 8 65 20 15 20 3
1 15 48 2
2 2 15 4 8
15 3 13 3 4 10 15 7 2 15 20 2
1 1 14 3 41 18
3 4 4 1 4 3 15 1 5 15 3 15

2 4 3 1 3 20 7 1 3 15 39 3
15 15 3 7 3 13 3 20 1 20 20
8 20 2 2 1 1 15 4 13 15 2 15


61 2 1 1 20 3 1
4 3 15 8 2 20 11
15
3 15 13 15 4 2 1 17 4 15 3 2
3 1 3 1 2 15
1 3 11 13 3 2 1 3
3
20 3

3 4 7
11 20 15 1 3 15 1 15
41 11 3 1 8 8 1 2 15 15 4 3
3 3 1 13 4 21 15 1 47 7
60 3
20
8 1 8
8 1
4 8 1 3
8 2 7 2 1 2 11 13

2 1 2 20 7 11 3 3 7 15 1 4


4 1 1
9
2 13 1 1 8 2 2 8 1 1
14 20
7
2
2
50
8 3 3 2 3
3 12 3 3 4 11 3 11

1
1 1
3 1 13 15 13 4 50 1 3 4 8 33
11 8 8 20 16 20 3 7 3 52

1 20 15 20
15
11 3 2 20 1
4 1 15 13 2 8 10
11 1 4 3 3 2 19 3 13 20 16 3
2 1 37 2 1 3 1 3 15 3 13 7
2

3

3 11 7 15 15 3
3 63 20 11 7 4 3
4 3 1 2
1
15 3
3 2 2 2 11 67 4 15 40 7
3 11 3 2 13 41 4 3
1
16 1 4
3 8 2 15 8 15 2 3 1 3
8 4 1 1 3 4 8 3 1 3 1 2
36
4 8 41 43 11 4 20 1 2 52 3 56
3 1 3 1 8 3 15 4 7 3 7 2
1 65 1 1 4 1 15 2 7 8 15
13 2 15 8 13 15 1 3 15 4 15
66 1 3
7 3 50 2 2 2 3 4
1
20 1 13 29 8 3 15
20 2 1 1
20 7 15 3 8 2 7
2 3 3 1 15 4 3 13
1 8 11 4 26 1 1 1 13 11 58 3
7 1

2
8 26 15 3 45 2 2 15 20 1 3 2
15 20 3 11 11
26 20 8 11 1 3 20 4 3 15 1 15
3 11 1
2 2 15
48 3 2 3 3
2
9 4 15 2 20 2 62 15 26
1 1 15 3 3 20 15 8

37 1 15 65 26 3 20 7 1 66 1 26
1 2 15 16
3 20 1 55 15 2
1
3 1 15 2 3

2 25
43 1 2 8 2 2 1 3
2 42 20 2 3 7 11 1 3 3 7 20
3 3 2 3 1 4 11 18 20 4 4 1


3 1 2 4
3 3 3 4 1 15 20 2 3 3 1 4
4
8 15 1
11 2 11 16
3 20

7 15 2 1 4
1 7 2 3 1 2 15
4 2 3 2
3 15 1 4 1
7 2 7 1 3
7 2 2 1 15 1 3 13 53 3 3 4
2 2 15
2
13 1 2 46 4 3 11 1 16 2 15 20

8 13 3 3 4 15 1 15 2 3 1 3

20 26 11 63 1 3 1 9 8 8 4 3
3 7 2
7 2 11 4 15 1 8
26 3 3
1 3 11 11 1 3 8 4 15 3 2 29
2
3 3
1 4
67 3 3 11 13 2 2 2
11 35 2 13 2 15 1 3 4 15 11 4
4
3 15 11 2 40 20 3 3

2
1 2 3 2 3 13 2 4
3 2 1 8 3 3 3 4 11
8 2 2 7
7 57 7 1 15


15 19 20 1 15
3
2 3 3 1 26 11 34 8 2
1
1 3 4 3 13 8 15 1 4 3 3 7
1


8 2 2 15 20 2
15 15 3
13 15 26 13 57 2 13 15 18 11 2 2

1 1
13 15 1 25 2 1

7 15
11 3 20 7 46 3 15 3 2 3 15 3
15 3 67 24 1 13 8 3 3 3 45
26
2 1 11 20 1 8 7 13 44 38 3 13

3 8 4 3 15 3 3 15 15 8 20 1
41 8

4 15 7 35 1 4 4
2 8 11
15 1 8 4 38 3
15 2 15
15 15 1 39 1 3
15 15 4 1 7 4 1 7 2 1 3
7 3 3 2 8 4
1 13

3 1 27 1
15 1 2 3
3 1 1 3 15 1 17 13
15 28 2 2 11 26 20 3 3 1 15 20
1 1 1 2 4 2 1 15 2 4 3 2
1
1 3
3 15 20 15 1 3 1 8
4 2 15 3 4 2 50 3 48 2
15 11 3 19 1 2 11 2 7
15
11 1 3 13 13 4 15 3 13 3 4 3
8 4 15 15
15 8
13 8 1 5 4 4

2 3 1 2 60 3 1 15 2 3 3 43
2 8 20 15 19 3 3 13 3 17 3 2
1 39 46
1 3 4 11 1 1 2 3 2 59
46 4 2 4 3
29 7 3 4 3 15 1 13 15 8
3 15
13 3 3 11

15 20
3 1 1 8 13 30

3 8 2 35

15 3 1 15 2 2
13 2 4 15 2 1 2 1
2 2 15 3 4 4 66 3 1 4 3 20
3 15 4 1 2
3 3 3
4 2 13 4 3 53 3 29 3 20 1 1
1 3 15
4 15 15 7 4
3 3 1 1 3 4 4 20
3 15 3
2 8 23 22 1 1
3 3 3 13 19 1

3 3 1 1 2 3 2 3 1 3
1 1 3


3 2 1 1

3 4 2 1 3 2 4 2 4 13 2 20
1 1 2 3 18 1 1
2 11 2 3 13 1 2
3 7 2 2 29 3 7 3
13 20 1 1
8 13 4 3 8 15 1 4 4 26 8 2
2 3 13 16 15 3 2 26 6 2 2 8

7 4 4 3 2 1 3 13 11 3 59 3
1 5 2 3 2 3 3
2 3
1 2 8 7 2 4 3
50 11
9 1 1 53 3
7
1
3 2 1 1 8 11 1 2 8 1 1 8
15 15 8 1 3 1 37 12 13
3 3 1 16 4 7 1 4 20
13 3 4 4
3 1
19 3 1 20 1 1
1 7 3 20 11 1 4 3
3 7 1 15 20
39
55 67 1 4 2

15
15
3 15 3 1 3 11 32 33 2 3 3 13
1 13 3 11 8 13 1 26 9 1 2
11 2 1 3 8 3 57 11 3 20 15 3
29 4 15 13 1 49 3 2 1 4 3 15
7 3 3 3 20
7
2 3 15 51 15 3

3 1 20 2
1 4 46 2 8 1 13 3 3 61 3 1
4
3 2 11 8 15 1 3
3
2 3 29 1 1 4 2 3 1 57 2 2
15

8 15 8 3 13 4 4 4 1
4 20
8 6 8 13 4 1
1 3 2 3 2 2 4 3 11 4 7 3
1 1 3 3 4 13 13
3 1 2
3 1 3 2 15 3 2 1 11 20 4 1
11 1 2 20 15 1 17 3

1 11 20 2
4
15
1 3
1 13 11 8 6 7 7 2
11 2 11 8
26 2 15 20 2

3 8 2
5 8 11 7 20
4 2 2 15 3 11 3 1 7
4 7 4
39
3 2
1 3 2 1 28 3 2 49 2 4 15 2
3 1 3 2 3 16 6

8 8 8
3 13
2 8
15 1 2 44 26 4 1 11 7 15 13 11
8 3 11 15 4 3 2 4
3 20 11 3 51 11 24
26 11 20 46 13 13

13 4 20 1 15 3 1 3
4
1 1 13 2 11 5 15
1 15 1 12 8 1 3 13 1 1 1 2
20 1 1 1 2 56 1 60 2 11 3 4
15 8 3 15 26 13 2 15 25 3 7 2
13 1 15 3
2 3 1 8 26 20 2 3 2 58
1 11 1 2 1 2 1
3 20 15 13 1 13 4 8
4 3 3 2 1 2 15 11 4 1 7 2

1
15 11
1 23
1
11 2 1 11 2 1 1 3 1 2 2 4
2
1 3 2 15 1
2 2
3 4 13 15 13 20 13 3 15 20 11 3
3 3 9 13 3 3
2
10 1 20
3 8
26 15

13
15 2 2 3 15
3 2 2 3 20 1 26 20 3 3 1
33 15
11 3
15 3 3 4 8 8 2 1
13 1 2 15
3 3 43 2 3 1 1 15 7 2 3 26
41

1 59 15 15 7 13 3 4
20 1 3 1 1 3 1 3 20 3 15 8
3 20 15 4 8 7 4 4 2 15 4 8
