0.0 0.30050623158557777 0.2283672684279568 0.22172808956927417 0.2493984079566957
0.0 0.11156031900572362 0.09117314797949637 0.0906942472161808 0.09309680353346053 0.10282843844508582 0.10451715113965096 0.0983252241568108 0.08021138794060903 0.07602349478951144 0.07506398533452442 0.07650579967119953
0.0 0.12695143201454362 0.10138447571517113 0.08869405792560947 0.08989818796037564 0.11361516711387357 0.0995136159944842 0.10197234288676077 0.06917827248633208 0.06701900416601145 0.06816819408415326 0.07360524868586453
0.0 0.1304162268480601 0.1062009703454589 0.10263046183461258 0.10721189085273596 0.11390992803129614 0.10254586435998757 0.09022533916516018 0.05215034224728276 0.0541732238793609 0.06369383360682779 0.07684191777111625

0.0
0.0 0.10984458871287381 0.09517635672629716 0.09424592454646272 0.08663453270850119 0.10079540928782665 0.09558216581432971 0.10059837267304253 0.07660715745474626 0.07088508465378113 0.07630222247964091 0.09332818411477306
0.0 0.5222403271839278 0.4777596680539148
0.0 0.40376458659883263 0.35317141212243947 0.24306399808399926
0.0 0.14223266786346805 0.1079628939048039 0.1035109070194973 0.10312819082916397 0.10585369752146373 0.10963093286668472 0.1022568161027252 0.0691799674759545 0.03749215494979668 0.050196747390316404 0.06855502292986672

0.0 0.2698159037085594 0.2416701435676114 0.03947924777553929 0.11561710150105771 0.3334175981464139
0.0 0.1527614938282346 0.11876772475253694 0.13218787916369443 0.12162085037704914 0.14135749810110163 0.1508952291977206 0.10519674788393649 0.07721257524679288
0.0 0.1738491787162485 0.1088088383838734 0.1039713856568891 0.11907467031750404 0.12214561140325345 0.11465171302514604 0.1263365482538526 0.0671956139945519 0.06396643899682153
0.0 0.9999999910384852
0.0 0.3482932020795132 0.34014478109231605 0.31156201379310244

0.0 0.9999999917571585
0.0
0.0 0.12874006101563173 0.11013027771300642 0.05408151896045897 0.1555476791385425 0.15772462652531768 0.11525129227420035 0.10351238649876385 0.035161983922679434 0.0 0.03497159689172919 0.10487857486021081
0.0 0.9999999918283773
0.0 0.29057809797246925 0.2234225463736147 0.4859993374891507
0.0 0.24573357192690204 0.1836732704609391 0.1397117817680749 0.1836010084480076 0.24728036467168213


0.0 0.3545195188571098 0.6454804525400292
0.0
0.0 0.41203882748149084 0.31781342707201815 0.2701477416012715
0.0 0.2741640805519466 0.25260047247663936 0.22092323720733087 0.25231220761474393
0.0 0.37897056965512566 0.13746540604340715 0.1723975912678293 0.3111664250039365
0.0 0.26742049687142133 0.2516332067465624 0.23934649524160564 0.2415997989037922
0.0 0.131943140972704 0.118977917498201 0.10849198127383494 0.10932088109527308 0.1282725425442221 0.12426959704937621 0.10883259328698089 0.08832372548923358 0.08156761981195336

0.0 0.5329625858225873 0.4670374101948226
0.0 0.5255672222300715 0.4744327737794283
0.0 0.16522391479827875 0.09897524893799217 0.10123679251546136 0.21808908440372243 0.17427906649626188 0.1850091683143962 0.057186720463195874 0.0

0.0 0.5720692698109808 0.42793072585804176
0.0 0.9999999919735802
0.0 0.38889705531836966 0.31828368907617793 0.2928192517133241
0.0 0.30925744741593814 0.2415546780657139 0.22455347034185705 0.22463440186139183
0.0 0.12298450069054945 0.10465535426957383 0.08973033486565431 0.10371831425258421 0.10990860799785171 0.10807233748141597 0.11391926935064874 0.06255352962436994 0.04706151128048404 0.062267449327217145 0.0751287897872273
0.0
0.0 0.9999999909697705

0.0
0.0 0.18289536940232143 0.1549335688497646 0.15436726714109267 0.1613707265506754 0.16904785219337432 0.17738521447837133
0.0 0.154636052859883 0.12774900216381477 0.07939857588236279 0.1083757386162341 0.11632951921426428 0.1289720969168379 0.09001851408071536 0.03534205582927924 0.03911064973254305 0.04687775950216239 0.07319003392099652
0.0
0.0 0.9999999922163103
0.0 0.21906737932144732 0.06910926209701153 0.03653324710552856 0.11244806550989231 0.2181656856934283 0.31211724565985516 0.03255911114372959 0.0
0.0 0.16278855393188668 0.14056802851042088 0.12359009188662938 0.13976708389787748 0.1498719187473225 0.15506209262326257 0.12835222915525804
0.0 0.2973040775265044 0.21301270057577923 0.23782976368170697 0.2518534556842647
0.0

0.0 0.25778811408901425 0.18051897860631289 0.18390254724584193 0.17889891555381424 0.19889144248672005
0.0 0.9999999917761265
0.0

0.0 0.6525176726931687 0.347482321404452
0.0 0.9999999835720246
0.0 0.16799479946636425 0.14838719107407403 0.12807914906667678 0.13109447706910396 0.15285172478817116 0.1622802820495829 0.10931237491396953
0.0 0.10714693546315111 0.0990127494966521 0.09891508137877948 0.10181633481031677 0.10575381244032574 0.10150458062659021 0.08445117765909937 0.07355690092805577 0.07294630053448868 0.07196246008777196 0.08293366568173834
0.0 0.9999999843288007
0.0 0.3527185944108705 0.32884659558808566 0.3184348069831851
0.0 0.22370041912251382 0.17542794588712798 0.17520842605655843 0.18641153793293672 0.2392516687339204
0.0 0.9999999918224037

0.0 0.13109955051362351 0.08462142857630015 0.09279808815821959 0.10417081343692985 0.11254984722889157 0.12161385171059821 0.08538055792987691 0.04051464769534333 0.07070845482972289 0.06225621637210447 0.09428654233470739
0.0
0.0 0.15393352928261891 0.14173552360561106 0.1246528007526992 0.1335799714570534 0.15204501604114423 0.15528193762453574 0.13877121997963457
0.0 0.2968263885508548 0.23659500066414002 0.230726716237613 0.23585189228035452
0.0 0.4555922084298555 0.13010191079780686 0.07654576032486772 0.33776011300257003
0.0
0.0 0.9999999922194869
0.0 0.1368899370409454 0.10529655437246298 0.09552070720117896 0.10049106369556877 0.11334747783322985 0.10373543983158776 0.09636803095861553 0.07290161445596127 0.041433462528340764 0.06738509321859311 0.0666306178987477

0.0 0.2954289925839428 0.22072802174881556 0.23741430461655283 0.2464286787340613
0.0 0.1443350620421299 0.10998724538983039 0.0923221245239222 0.1069037471035859 0.11799733145784755 0.13763930361734808 0.07408081698330837 0.03999493017797847 0.041836707685067615 0.06624905963847072 0.06865367001545573

0.0 0.15786844245378984 0.16213460145858938 0.12004520820104506 0.11727036106458118 0.16222204857726527 0.17761832585032342 0.08793539368637648 0.014905616614387935
0.0 0.4124320516592632 0.32218643846381817 0.2653815066944174
0.0 0.42649074187267677 0.2768875186341894 0.29662173588523405
0.0 0.18799350543573137 0.08180740059397036 0.09226986842271077 0.11685168801616656 0.20501611100426256 0.2196241956762678 0.08338196486383564 0.01305526377461532 0.0
0.0 0.13057019171589823 0.1112933216587507 0.1155699813013421 0.11639895157449047 0.11379382511979194 0.1251231597201909 0.11225538017090511 0.08926475556735948 0.08573043223761005
0.0 0.10539347418744872 0.09972313142937457 0.09107207122818908 0.09517240947852255 0.09876693012149183 0.10019127254354228 0.09927188061993643 0.0808474159555677 0.07280209850512845 0.07343713976711563 0.08332217534409544
0.0
0.0 0.9999999923608065
0.0 0.1739158897708136 0.1377541781860663 0.11544890258284224 0.12049556704787949 0.153922209380162 0.1584086133497947 0.14005463829861967
0.0 0.9999999920876055
0.0 0.999999990516013
0.0 0.16906221513509517 0.05190056746889341 0.08942919861939018 0.14045813594920784 0.1377659540781216 0.13582054141810482 0.09082825977388985 0.009630924006879364 0.0162476053783824 0.05768617793717263 0.10117041783461202
0.0 0.517621538953082 0.4823784569713258
0.0 0.36398047411957246 0.33129748494251104 0.30472203794980546
0.0 0.15391971533240176 0.10508715196533594 0.1037290416766359 0.11318404004412445 0.18111436899871164 0.14544902220296835 0.09338560353933319 0.07250324022420702 0.006393653168528272 0.025234161221509187
0.0 0.11015172779070259 0.09670470641228926 0.09109025191219258 0.09971520431718883 0.10195782657968006 0.10419352409260146 0.09145450531296224 0.07555870731230203 0.06738313707716022 0.07648500347899133 0.08530540485095425
0.0
0.0 0.9999999914372384
0.0 0.21759344090870528 0.13817205773660857 0.13062556553440335 0.15334571248382325 0.17964113187881714 0.18062208977323205
0.0
0.0 0.5058699389706319 0.4941300489140868
0.0 0.35789888824845806 0.3745973429586501 0.2675037653548708
0.0 0.5381718759142728 0.4618281193493664


0.0 0.3856124494031111 0.3139580828950446 0.30042946424541367

0.0 0.5438958166785083 0.45610417870871534
0.0 0.27398981769058833 0.06604300306826137 0.11389352393354372 0.11334280720105551 0.2336833143451064 0.1069740631799418 0.09207346506332827 0.0
0.0
0.0 0.15841376847686947 0.12305749793973225 0.08917407483507518 0.11089347303408702 0.13371120576095943 0.11943273448893213 0.08724887408089832 0.05578335133528614 0.0 0.03168805159323692 0.0905969668119661
0.0 0.9999999920875504
0.0 0.22260630292677244 0.19285020548436282 0.17443131192383293 0.19653594607586555 0.2135762317954402
0.0 0.2094506755481966 0.18519346297629538 0.18874456755175975 0.19438433898892649 0.22222695266163567
0.0 0.5544459630270026 0.4455540328198917

0.0 0.33486491437207844 0.255138847897343 0.18305401286097628 0.22694222047673854
0.0 0.33528562441160664 0.024547380480222144 0.15198563752563848 0.09173083103937904 0.2440150377850194 0.15243548341075208
0.0 0.37051978071833075 0.33156025673854306 0.29791995958697337
0.0 0.2414651406599993 0.20520952004959764 0.17531786081821654 0.16454443401333257 0.21346304252639087
0.0 0.21933180431003105 0.14794583249203172 0.14379923534986785 0.15789628452987056 0.16129801366522176 0.16972882787400825
0.0 0.5602417002065155 0.43975829497742047
0.0 0.13603666738345235 0.12377145099461247 0.11815284405572479 0.11790047182966348 0.11535785093054683 0.12057398745844984 0.10719301342050234 0.08420606838570255 0.07680764446471874

0.0 0.11136215015750422 0.10577710206415177 0.10134524864167403 0.10766660676631991 0.10279798899127614 0.10995105372924241 0.09911429393644154 0.09072031983397612 0.07864807802334411 0.09261715693631443
0.0
0.0 0.5381911654203654 0.4618088306611728
0.0 0.5052164237243861 0.49478357191704314
0.0 0.2512822913487389 0.20037785634580565 0.17605484699226673 0.17525337020753337 0.19703163332291407

0.0
0.0 0.10252351042721372 0.09823117705660628 0.0855125435908253 0.09470906139590445 0.09962601278449441 0.09889087660413277 0.09625746849696146 0.08625067834974785 0.07409596161529397 0.06980016362937586 0.09410254522641236
0.0 0.12919828298099742 0.11050212639500528 0.09636441141786758 0.09414096094353966 0.11025902220510268 0.11025819071286602 0.09244773429289957 0.09250674341937232 0.08111622514750347 0.08320630158483787
0.0 0.9999999891238844
0.0 0.14565167295622825 0.18819562961767863 0.13438118468717597 0.13487023400193218 0.17231793707172335 0.22458333819669846
0.0
0.0 0.35461770451368047 0.16219587508696248 0.253833309588893 0.22935310704297812
0.0

0.0 0.5788109744289877 0.42118902108259143
0.0 0.5557804403949972 0.44421955523672085
0.0 0.15650245689652575 0.10377352705961083 0.09194575317554267 0.1062459123200204 0.10144747811159954 0.11218346074362094 0.09664399464620892 0.06516884320281728 0.04150366683334257 0.042794037622274315 0.08179086815175833
0.0 0.12193977161731194 0.11371364527009598 0.1052096628767051 0.11195456127052979 0.1257922207335342 0.11330379166371418 0.11991697902809706 0.09752828165680523 0.09064108492176874
0.0 0.2829603389947526 0.04317132309315605 0.04189843990287903 0.14422942713996625 0.17625956820990304 0.1736521592813089 0.10223533500736978 0.0 0.0 0.029889694370294487 0.005703709245471733
0.0 0.9999999867622545
0.0 0.365937694255729 0.3168795245756744 0.3171827776400367
0.0 0.142002033182162 0.10395123835191901 0.0777451367192046 0.10747999801080668 0.13179506332265814 0.12876221297711166 0.1294898510298554 0.018553367872271305 0.0 0.07229432282318811 0.0879267740226016


0.0 0.14219055404995007 0.12823244714108123 0.12246775085015423 0.11746617129768105 0.1360454960864937 0.13539844667483672 0.11678487920645955 0.10141425359697546

0.0 0.12934986418290853 0.11713084270236174 0.1167522918633485 0.09862240385578917 0.12828482142797076 0.13004547563110208 0.1322221300625927 0.08452792177011527 0.06306424735017989
0.0 0.17751057556968028 0.16165780212246286 0.15821730707478626 0.15864253138686316 0.17822440803692344 0.16574737446221455
0.0
0.0 0.145939520334651 0.13353856667341157 0.1288486392232673 0.11797634967067062 0.14033848568380294 0.12066042653396761 0.10894828166857727 0.10374972895580585
0.0 0.2120900044913065 0.1712418439895285 0.13432410213888518 0.14352649942499213 0.17548587126715917 0.16333167698696718
0.0 0.6366336142062365 0.36336637985054876
0.0 0.1770439922209259 0.07623992564681066 0.12186831327055758 0.102259574905853 0.12090720308005237 0.12735324420893965 0.13456471910214582 0.015949840307365383 0.0032100068584075734 0.052860078972684424 0.06774309971540854
0.0 0.9999999822927322
0.0 0.9999999904939123
0.0 0.15756836961873116 0.12559238865023775 0.11850103271749515 0.12172553148204951 0.11911710758043793 0.1252022227417339 0.1290235136792552 0.05558726052097058 0.0476825716512301
0.0 0.42462255252713427 0.27359314342304436 0.0 0.3017842960048986
0.0
0.0 0.5674333071419616 0.43256668771081397
0.0 0.2168083299462887 0.1952750638497601 0.18398572865378718 0.19310937030662384 0.21082150558798296
0.0 0.9999999114427541
0.0 0.13603352634041274 0.12954737946771128 0.11902005298474662 0.12616036782868612 0.13545867740517528 0.13084415531877502 0.1218620752936501 0.10107376429666644
0.0 0.9999999923565953
0.0 0.13147469533524608 0.10233707961169766 0.08633951031075424 0.10207106267861571 0.09881755205071509 0.10541248555428939 0.08785858522492959 0.07754463879160294 0.06179652381248487 0.07584647527461827 0.07050139030695754
0.0 0.27628214181150546 0.247465401069258 0.23411670362053746 0.24213575134866513
0.0 0.30356882027711374 0.21086996921296133 0.22119764962960878 0.2643635582643959
0.0 0.3755204003556216 0.337125669435322 0.2873539272462005
0.0 0.11358700789538032 0.09147088442080493 0.09058393996461894 0.0996915141441991 0.10018738852894968 0.11402525663085361 0.09363120685811878 0.06720697095636866 0.07091430631461854 0.06682126537578437 0.09188025803009547
0.0
0.0
0.0 0.2207081065523318 0.19850676281730523 0.18200456169786344 0.18236154336380084 0.21641902365024954
0.0 0.9999999889669545
0.0 0.2381848582458712 0.1399030151057157 0.0005756196158523914 0.1946767191493961 0.1902434752858198 0.2242538029876341 0.012162505643281316 0.0
0.0 0.10861063732619462 0.09233992472738052 0.08634527305631845 0.100156463146032 0.10919691555397058 0.10693530436622542 0.09293457961995634 0.08072729376115066 0.05821052862360683 0.07853979839524149 0.08600328057731389
0.0

0.0 0.11612626725758615 0.09915631379217546 0.09140568077650274 0.09925033473726902 0.1043479404805834 0.11279552036203867 0.08993300009635585 0.0681741479624714 0.058522112858811 0.07630603767322172 0.08398264309302794
0.0 0.19593269530153096 0.10882691840677844 0.1417109269240114 0.14486723636955784 0.1562540011906198 0.14169370589409894 0.11071451427413492
0.0 0.19601956894313577 0.14590900767026943 0.16452675089077987 0.15630230524922584 0.1730547024025256 0.16418766318927752
0.0 0.9999999912238126

0.0 0.9999999909486573

0.0 0.1437691825611991 0.07667412376693164 0.09216790190891568 0.1091385422569113 0.1188218946856646 0.1394153324035367 0.12104239592570687 0.04029742424344689 0.02926327027973151 0.05691568933831077 0.07249424129948957
0.0 0.18742310746014187 0.17183413057520971 0.1443815314906018 0.1574047805368888 0.17253950222502717 0.16641694626310752
0.0 0.9999999908797881
0.0 0.9999999903685228
0.0 0.15519758537955053 0.13293301304902708 0.13722903964730587 0.13159030637371455 0.15959778647205072 0.1525904918170681 0.13086177581236463

0.0

0.0 0.22883259184306246 0.19556679721896683 0.15566320188262261 0.19548689358110694 0.2244505126128524
0.0 0.9999999928846229
0.0 0.23950746287791042 0.15045882792334717 0.13781346929555735 0.1453887335856348 0.15992991333761103 0.16690159088973738
0.0
0.0 0.3796972682297966 0.34926773882253165 0.27103498983177343
0.0 0.18483390104380193 0.09902740888993329 0.08198843765297496 0.12332156778186648 0.17638791407959406 0.1438863549981833 0.07552729282296072 0.0018673057885506814 0.0 0.024773209646981806 0.08838660526326343
0.0 0.38230078449123295 0.21055436739565936 0.15169457330056219 0.25545026943978405
0.0 0.11496800845492969 0.09391964451418924 0.09767167504666263 0.09618304689757985 0.10010120887300483 0.10634512919299194 0.08746376555894454 0.08040457079842367 0.07269030787022444 0.06933437590318134 0.0809182660447425
0.0
0.0

0.0 0.10328170413828995 0.09756884210586417 0.09022758727139508 0.09069534751980483 0.10232874499736158 0.09867792646621995 0.09649668233785627 0.08247626229418453 0.07330975661648803 0.07723794829826677 0.08769919713645771
0.0
0.0 0.7195329291787078 0.05996024606820792 0.22050681547055814
0.0 0.28027446313469556 0.24475498267037138 0.2190786424896803 0.2558919084863124
0.0 0.12310870864357704 0.11229133736488797 0.10390285650542375 0.10066321888719486 0.09952182214651144 0.10950789954260169 0.10603119312154927 0.08251130135289368 0.07824739245935566 0.08421426900871967

0.0

0.0

0.0 0.33809947787837846 0.049045721162249506 0.016231828113301042 0.09942819553401397 0.2306713019836308 0.2665234699442778

0.0

0.0 0.5349344000128455 0.4650655955790321
0.0 0.4064350756283268 0.2954191406264923 0.29814578059466923
0.0 0.20451219371680526 0.12925906135947485 0.1156480209779484 0.1447401331808031 0.18162953693455045 0.12972821738494084 0.062309860105129004 0.03217297415012005 0.0
0.0
0.0 0.21215701155527572 0.1923997839530954 0.17823543441163806 0.18671706134059557 0.2304907070115358

0.0 0.1236816530265816 0.09959049252768638 0.07616886821038533 0.10340834890900122 0.14645180178751382 0.14007636954519465 0.11396723378610603 0.0456483879459432 0.029838802044352436 0.06043649726355615 0.0607315435427036
0.0 0.6948464607619849 0.30515351797101387
0.0 0.23359461813104396 0.17292015914898953 0.16773015995149315 0.18186892471638963 0.24388613496906353

0.0 0.1426855494989284 0.14137926150792474 0.13652562760192827 0.1366835174268701 0.15559007781907394 0.13887731765020614 0.1482586469834333
0.0 0.1277802036405466 0.0860469257342747 0.09496503453273096 0.11886468781274608 0.10817466424126124 0.14657416529242512 0.08906703037746366 0.060775646146968974 0.027593588242244626 0.04505748835474794 0.09510056414364279
0.0 0.999999992462198
0.0
0.0 0.17758591327607684 0.09478994149245022 0.09089045743692005 0.11010853019569404 0.1960854979970596 0.18429904358797314 0.14624061323138526 0.0
0.0 0.10665208404380641 0.09771103650735456 0.09042849660372712 0.09477538437477932 0.10671701331563471 0.10561056242600264 0.09317049803591079 0.07550134039884249 0.06904950729202428 0.07563623383544003 0.08474784231858308
0.0 0.21421508783985835 0.1660173465504494 0.024190033197530943 0.11715951447565597 0.1950821675534163 0.28333584600863165 0.0 0.0 0.0
0.0
0.0 0.314265933779957 0.19418879857011304 0.12367651353878861 0.20872154387332112 0.15914720756862458

0.0
0.0 0.529154512195717 0.4708454834466226
0.0 0.2982315875364378 0.24079525056772655 0.21634183589510605 0.24463132356645279
0.0 0.18645850931255675 0.14189238310312746 0.13476916482807205 0.16524496240566922 0.184074276254702 0.1875607024801685
0.0 0.4881580709503644 0.08913314585978566 0.04992827919920475 0.3727804958462866
0.0 0.15445334754170903 0.08897856817804203 0.0916418756852518 0.0941509202710505 0.12012841303706304 0.11417817576777543 0.09845914721279149 0.05788299321138895 0.020627554738699212 0.05391219258565159 0.1055868104241848
0.0
0.0 0.275850270147416 0.14197805873078953 0.1791279388723651 0.16371192265423118 0.23933180698332793
0.0 0.5800823113485111 0.4199176789782425

0.0 0.12392580437291542 0.09944977865329557 0.08817245547250227 0.09978838545413617 0.10290903951537973 0.10369490778854279 0.10499065949607186 0.07165903139654246 0.06066585378288812 0.0647591778670009 0.07998490525485723
0.0
0.0 0.5779385882114588 0.422061406842319

0.0 0.11114013395169557 0.1059945558994015 0.09365302804437968 0.09150074228107695 0.1127465351864001 0.11175976699148953 0.11615190587849332 0.04722699674743075 0.06423292200861262 0.0642918120581079 0.08130159987957036
0.0 0.5527951448323507 0.4124220753566787 0.034782770372675686
0.0 0.45980745860082817 0.20451481375462438 0.06814720696556814 0.26753051519695975
0.0 0.037783469367678596 0.0 0.19024643018651036 0.2483019548429799 0.33115331162475153 0.14482140335259377 0.04769342524748682
0.0 0.10991400042293638 0.10000256455506537 0.0909360096848304 0.08984230874152209 0.09961164389920552 0.10027052449655859 0.09921929232992008 0.07549268085866707 0.0756006659021821 0.07697814021484081 0.08213216807352815
0.0 0.1576411881438045 0.09995445081337481 0.08301555218340584 0.16784437450497589 0.23450737216373413 0.11884464565877198 0.050620958387923146 0.0 0.0 0.0 0.08757145481387366
0.0 0.43813896647922584 0.287543369223891 0.2743176606983342
0.0 0.29430080683399934 0.26589681248760505 0.21548649801577602 0.22431588025267843
0.0 0.28114561301272367 0.25979186691573186 0.22739471346211265 0.2316678044683602
0.0 0.21899927975194353 0.17919521698757654 0.20095886734195947 0.20111715683086526 0.19972947719818038
0.0 0.5237324747080443 0.4762675212562281
0.0 0.1485095006901648 0.11700832248503758 0.12100829732866998 0.11946755771341441 0.1438011189621633 0.1332476956175208 0.1239568857885006 0.09300062022082643
0.0 0.24575270735850654 0.1915595819710451 0.18132775735073225 0.18133388349998378 0.20002606801657918
0.0 0.999999992618681
0.0 0.13331536473440259 0.1195963418428968 0.08853364813869108 0.10665141074435495 0.12089271057557584 0.1262565013769809 0.09789985455575982 0.03519429568034255 0.0341300227832236 0.04906355913913981 0.08846628920954329
0.0 0.9999999913700635
0.0 0.27480999398454425 0.1732132331817493 0.14372969948888048 0.18967696067869277 0.21857011007184166
0.0 0.999999992687102
0.0 0.999999986925559

0.0 0.16908141444250255 0.1046693401103634 0.10743864051917547 0.17628429834372178 0.1698718352493942 0.14157552992954123 0.09479171355897928 0.036287225985969236
0.0 0.14482658656975553 0.1063886896138742 0.08057399295915389 0.10607141927529763 0.12432137792617894 0.0975258537947919 0.09618891035910268 0.07438779901999226 0.03376574906605466 0.049655785173883416 0.0862938350491053
0.0 0.28498466164943614 0.25942904698742303 0.21275135252388078 0.24283493625416006
0.0 0.16024530890369715 0.11682927536101417 0.07282571925816726 0.1247425789522877 0.11378756361890048 0.11746287683431529 0.08701331810711216 0.046735893365451045 0.003889991287197364 0.07279959328057618 0.08366787956225344
0.0
0.0 0.12918297271554544 0.10396369752535888 0.09576155102393202 0.10554876257698514 0.10990098144058544 0.10048508526824035 0.08795288579790787 0.05887272217112217 0.06139254954897927 0.07074018909776424 0.07619860174061228
0.0 0.9999999910829936
0.0 0.9999999924283307
0.0 0.2520628073006515 0.17960451684119735 0.18107211261223152 0.17790148314610474 0.20935907827047934
0.0 0.12142836370883192 0.0959064995798767 0.09953186086568372 0.10236653434843755 0.1112781626964479 0.12510759122353746 0.11157820642654 0.07744579545653155 0.07900811243075222 0.07634887232222543
0.0
0.0 0.17885934253720992 0.14051512144651562 0.04445503054088228 0.07880921425216786 0.28650983451776124 0.21390653146667607 0.021037882914629203 0.0 0.0 0.0 0.03590703826296118
0.0 0.11925097019616175 0.09554332233004954 0.09159856769344704 0.09496991189191856 0.0967330524532164 0.10444893491605739 0.09344059192077206 0.07549688264299276 0.07184938650978023 0.0749773090591817 0.08169106950500506
0.0 0.18591846160287206 0.067339204311604 0.054427299970107895 0.14820536396474335 0.1733252936791497 0.2161795411162981 0.044936144811953065 0.0 0.0 0.0 0.10966868704802453
0.0
0.0 0.12453992915044747 0.09984428373918855 0.09267872429025398 0.09357447732678313 0.1050867723753818 0.10180396448323996 0.08263540449624233 0.07527690690604029 0.06686790571933504 0.07325595136352839 0.08443567920425274
0.0 0.10356073456989578 0.09908226580767715 0.09537407384577697 0.0915816368783144 0.10668017773482383 0.10464006448997186 0.09865849968898478 0.07292080032223752 0.06709727255112347 0.07753963768983646 0.08286483557923564
0.0 0.4674180674883981 0.06847021068618768 0.19238013165692786 0.27173158472424586
0.0 0.1028044052061338 0.09730498149684769 0.087206080201874 0.09583801360224098 0.10436254586713846 0.10075775869046748 0.10034764735884037 0.07857095224066615 0.06760055558094256 0.0784984996007956 0.08670855929651945
0.0 0.3718122412024153 0.3456046502077478 0.2825831056682476
0.0 0.32601024592849737 0.18629966766082445 0.220069821354621 0.2676202610661299
0.0 0.1668756164129312 0.11415770672409613 0.0513678986216658 0.0915843396584882 0.20743074545110166 0.19100302191422275 0.0898629037048969 0.0 0.0 0.029868501816392647 0.057849262247326866
0.0 0.23392443183097122 0.18456870679269047 0.14819529647433144 0.20738874238803282 0.22592282025874014
0.0 0.1251005551270477 0.12715786740747848 0.10194103479751732 0.08114184752603013 0.11114543734330104 0.11640851557461619 0.09172450312855028 0.058868479196019334 0.0494511777728952 0.05827477136228783 0.0787858096249557

0.0 0.141354196525996 0.07799125611618604 0.1140158761500744 0.1666151192820408 0.1864821177182 0.20491833820718883 0.04458665833135636 0.0 0.0 0.0 0.06403643498111257
0.0 0.16175841715223263 0.041346116290259 0.09271703609032894 0.14321622174942011 0.3132777373422176 0.24354469417632935 0.0 0.0 0.0 0.004139773050051935
0.0 0.14398976241596345 0.11668358348224925 0.0775295053342963 0.08971157753449985 0.13188582228830778 0.11596075622729982 0.0903244768850615 0.0 0.02099336388984654 0.08513305316660745 0.12778809675140676


0.0 0.197645546951681 0.17775860274785338 0.12593121536003124 0.1621033935229475 0.16091842336446532 0.17564281637799264
0.0 0.1833291425036755 0.1538348681117489 0.15847029186493927 0.15759635961829888 0.17350658043134903 0.17326275613642925
0.0
0.0 0.15649090498710036 0.12376700567452437 0.11374366468525675 0.11637976987725787 0.1323794298173583 0.12103443857137375 0.0818074124429977 0.015548338391828592 0.00663612948604882 0.06070535405228509 0.07150755043853661
0.0 0.24520996480558088 0.16705519948422534 0.1983795470676068 0.1841143731299297 0.20524091330824085
0.0 0.17077004575146687 0.13928008553666915 0.10379958510667438 0.13805039382211423 0.1508362299583851 0.16778607113059552 0.1294775870176796
0.0
0.0 0.9999999899321925

0.0 0.6545161911921212 0.3454837968985482
0.0 0.18660860332163842 0.13557099241862816 0.14573251424408 0.12774151359519953 0.14938349298548279 0.14393153553295873 0.11103134620974643
0.0 0.11920901395982009 0.08758030347132609 0.09665730280919552 0.10213095918183768 0.1180187406863997 0.11096991567819713 0.09782458469250821 0.0664693196516791 0.0533917150697981 0.06920816715244926 0.0785399766558282
0.0 0.1522830447071007 0.13409630338848336 0.1093161900049403 0.12495674633823392 0.11937702797694562 0.12127353761412664 0.10579531790986473 0.07760487801777169 0.055296952744442344
0.0 0.9999999928532056
0.0
0.0 0.6444655117349071 0.35553448198063115
0.0 0.9999999910760344
0.0 0.35592008369202455 0.3184870605299861 0.32559285290621964
0.0 0.2047208100011753 0.008262471967368859 0.07103330393243289 0.21386447782236173 0.23356076413024277 0.18623394826987877 0.08232422006499127

0.0 0.15557221297864943 0.10357386203479281 0.08926293916643459 0.08501867892507729 0.12323965964002526 0.14231468212876086 0.10335201904825683 0.060557856271515935 0.011681525647762946 0.036707120246229005 0.08871944226472192


0.0 0.5595252687862907 0.44047472608474164
0.0
0.0 0.18182304465731666 0.13152597256757323 0.07853809937428478 0.10692309812858741 0.14696549978898166 0.14506954459902346 0.11085976387491259 0.059744164606730925 0.03855081070560823
0.0 0.9999999921361884
0.0
0.0
0.0
0.0
0.0 0.29659174563567675 0.2621414354198116 0.19410352717088503 0.24716328752300182
0.0 0.1697400439147918 0.14766405777064365 0.11163542822888456 0.17183671002606105 0.13246514004172052 0.24185790819574804 0.02480070782887981

0.0
0.0 0.9999999926821731
0.0 0.10408472104467688 0.0902157474965484 0.09488930004426038 0.10125527614703617 0.11772721208393641 0.10459741132461135 0.09668285099883092 0.07605335880139566 0.06575544742388002 0.07024051553325387 0.07849815816147498
0.0 0.18993688893856647 0.06638183628178711 0.14449795379984492 0.13288969674107576 0.13749554110169765 0.1737999675266155 0.15499811198143185 0.0 0.0

0.0 0.39844431759173793 0.28427239186043984 0.3172832872641633
0.0
0.0 0.4316326288251571 0.18104754593695613 0.1906091173198167 0.19671070323538356
0.0 0.18958789382844135 0.16190623351332495 0.15441436812240522 0.15677434847523336 0.17262388691368993 0.16469326764272776
0.0 0.11472348959112233 0.12076234198333353 0.08889559218609425 0.09442954588640215 0.10068642633911826 0.10841839731037346 0.10600791225277031 0.056785884248059616 0.058118686447280965 0.06641897513552937 0.08475274760039757
0.0 0.11669700203929789 0.09386809062512497 0.08813154253598453 0.10312432254183183 0.10850229588706245 0.10860748208617552 0.09709254517535854 0.06841059279133856 0.06613885138702726 0.06892251231733315 0.08050476171709366
0.0

0.0

0.0 0.20852729989130567 0.20556074999919402 0.19010513795244532 0.19643354811315875 0.19937326243881215
0.0 0.18346539937079095 0.15748906615510483 0.08748644704493858 0.12234873019034237 0.22868245502480253 0.22052789978229997
0.0 0.3920053191060498 0.3036018916707687 0.30439278627811217
0.0
0.0 0.9999999735802283
0.0 0.14029206961115775 0.12952263977160972 0.11654288440328675 0.10953401168442993 0.12269472405226318 0.1276719476055468 0.10526472239243212 0.07684010899644193 0.0716368902963907
0.0 0.17455943413026842 0.13281174924902872 0.11861074480143435 0.14094733832890066 0.15216869737629096 0.14120641871215658 0.13969561611230527
0.0
0.0 0.541521749646815 0.45847824561272965
0.0 0.15339689871768833 0.11807918928412335 0.10739484896647926 0.11644527136436243 0.13392617419022412 0.14829574277484653 0.11877126828111108 0.07934235145621168 0.024348253493067018
0.0 0.11021694020539542 0.09807382229242174 0.0880138711112232 0.0899172736533342 0.09888703534614698 0.09851711201745086 0.09751536219193323 0.0773084065532182 0.0737727550801459 0.08130091664095987 0.08647650411595052
0.0
0.0 0.10804286217450929 0.09727264399406606 0.09049584186532945 0.09330071064522422 0.10687464131277347 0.1083738053421546 0.09528627498385021 0.08155777975159098 0.06912668559999395 0.07056232790740091 0.07910642551553375
0.0 0.10348254085050652 0.10145150629606332 0.09136973026924224 0.09169186810145293 0.09583810525609322 0.09613859691739017 0.09198672094098075 0.08337039413735967 0.07334447696945155 0.08306650767520171 0.08825955181398251
0.0 0.2776701874030447 0.11297806680069758 0.12369169782063408 0.07182401567748956 0.19335962414299773 0.19578802961209701 0.024688375328752888 0.0 0.0 0.0
0.0 0.26134635757372787 0.08373052731332045 0.03965711722857076 0.24378521646665258 0.1632100930973071 0.18670456147670367 0.0 0.0 0.0 0.021566122979141567
0.0 0.5192734177534813 0.48072657836178173
0.0 0.16320593228237504 0.132296866433834 0.1180418229496075 0.15784134232289493 0.13416731059360287 0.1573303066141096 0.13711641707023473
0.0
0.0 0.2061460956504889 0.17863752135922445 0.13436057114982272 0.15213351194331118 0.16127772233335605 0.16744457585729866
0.0 0.412125298667481 0.27849148881897706 0.3093832096360272
0.0 0.20472386543259466 0.13516594710517468 0.1212718886931277 0.15546075289284716 0.19594392767306273 0.18743361640624912
0.0 0.15688222465297316 0.158854070391432 0.11234123685572295 0.13760408410781652 0.14723001067424715 0.14488486006653198 0.1422035118105916
0.0 0.1247591651542726 0.09759033938113126 0.09566952293116611 0.10938674535788491 0.11682008791457543 0.12696476441662938 0.09927393014086038 0.04376763411386716 0.04087034333175748 0.06766449195260274 0.07723297409313545
0.0 0.9999999895288629

0.0
0.0 0.17684744658518067 0.09364481477441434 0.07575990551071196 0.10182997736980819 0.21275214286215144 0.1485480850745836 0.04657670993549657 0.0 0.0 0.031414651688962555 0.11262626342937973
0.0 0.26562896922989626 0.2371845722836405 0.23802723859166702 0.25915921783287027
0.0 0.15206116806442094 0.06659079576910416 0.09414530348558736 0.08918044709986851 0.13454364845500805 0.1821166374213612 0.1043235515017102 0.031711466489192014 0.015662883962753057 0.07437081303163127 0.05529328295140506
0.0 0.5250700223792847 0.47492997360253325
0.0 0.5842272052678829 0.41577278927447936
0.0 0.2765970011166099 0.24988371852398986 0.20192374245008224 0.2715955336325784
0.0
0.0 0.176855336081458 0.13590368341924652 0.10519544772140213 0.13593186330794352 0.13702031562231654 0.14672696548917555 0.0927568624012822 0.06960952448491374
0.0 0.16600241670269664 0.1342913437570708 0.1244530790518707 0.12109345715388098 0.1518501134692616 0.14867380754485196 0.15363578100336417

0.0 0.1300971541541874 0.09398015685770389 0.09368591224905343 0.1122507436803555 0.10083549417683682 0.11900763790264883 0.1020020859608205 0.060627150828520784 0.03806172506170477 0.0634003947608497 0.08605154326441285
0.0 0.38526100559185594 0.2927472739693939 0.3219917172924852
0.0 0.29474400772640114 0.13857009790038907 0.16352997516153533 0.19197032748782752 0.2111855888112303
0.0
0.0 0.2969706396178304 0.21619649405179237 0.2469489948841358 0.23988386888146324

0.0 0.9999999913166004
0.0 0.1750498386731891 0.1267232773118403 0.1416678370897843 0.12663524199402357 0.14209198159478525 0.14817948170376302 0.13965234032612395
0.0 0.12172887684110607 0.08774781080132171 0.08677318694551638 0.10737437418648833 0.10385736081267664 0.1172999923455395 0.097408532224395 0.07329670314866073 0.06289348965875718 0.061258469631655627 0.08036120247434633
0.0 0.11524946328995414 0.10096828374346704 0.0949023746172327 0.10544240765403792 0.11061386965295106 0.11767767953049516 0.08978875030117603 0.06619021741249015 0.052509419776991306 0.06603495520086324 0.08062257782254655


0.0 0.394813544122017 0.34792308623154616 0.2572633656518554
0.0 0.10772681132929261 0.0945743071606259 0.10253541498437349 0.09947315633615429 0.11479677918033204 0.11068234161517776 0.10296570682036449 0.07272081340872297 0.050478345187975816 0.06599192687107072 0.07805439609376845
0.0
0.0 0.9999999718009079 0.0
0.0 0.5816841568865655 0.0698040851614176 0.34851174971340826
0.0 0.9999999915764988

0.0 0.2674882785012499 0.24764763358736736 0.23974821863303108 0.24511586729305168
0.0 0.18761350792366532 0.16087274117867745 0.15136443595621776 0.14637787970191116 0.1767301077760397 0.17704132599794228
0.0 0.35249408099561874 0.3444665593243563 0.3030393570343748
0.0 0.32539072740318653 0.23954969024675085 0.20178208127818245 0.23327749860949767
0.0 0.3042910600072222 0.22237918196996073 0.21730150272919385 0.2560282526565298
0.0 0.10350760556381934 0.10159832558345376 0.08727514549215712 0.09665797324501144 0.0986251612285812 0.09920173273821466 0.09594284414788613 0.08265248043995296 0.07393474677271022 0.07639189746876811 0.08421208652909712
0.0 0.9999999783191228 0.0
0.0
0.0 0.12301444072171105 0.09091955654009458 0.1200954804604059 0.10816079646025428 0.11238433622816853 0.120465808202969 0.10927827977126588 0.0692511895221849 0.0327615803223146 0.03631903363964566 0.07734949681112724

0.0 0.13622557356764423 0.10290941597205774 0.08650760951527797 0.10013295394823846 0.13336144190500399 0.10602595093873163 0.08596722831055573 0.03879989264785405 0.061566303455570126 0.06674018599652552 0.08176344259366147

0.0 0.22266818740798225 0.0 0.09132028308892849 0.19365333696710302 0.1741476296032707 0.18089905613335078 0.08204089606701633 0.0 0.0 0.026051801076180794 0.029218806676138992
0.0 0.5731732870634667 0.4268267081394406
0.0 0.2387328183704065 0.14759109035212017 0.12287819341033772 0.15629813576480026 0.22534341306883612 0.10915634519259934
0.0 0.5608860732659151 0.43911392288239176
0.0 0.11517273880285853 0.10332813048195577 0.1015622125971791 0.08465160929825169 0.12095736510155637 0.10358641829696127 0.09285438279794629 0.07457685413078188 0.058469105948366726 0.062379496469465175 0.08246168506283275
0.0
0.0 0.9999999917059218
0.0 0.9999999913572537
0.0 0.16313301973748745 0.1270558543715549 0.12507603988948468 0.1352959765531444 0.15040400665210954 0.15286310299709785 0.14617199857566468
0.0 0.24962287195162977 0.06963073561029759 0.0019471912373751972 0.15467282262302454 0.19129383054546834 0.1864828830861225 0.01727311152995455 0.0 0.0 0.0 0.12907654954758174
0.0
0.0 0.18411528666498211 0.12131289466811725 0.1200866077014029 0.13095231665444235 0.1707288000195492 0.14216107709165446 0.1306430154839842

0.0
0.0 0.23797175957865616 0.0 0.16160172971781234 0.193566856299719 0.22031345697132415 0.1466055667647735 0.03994062639499334
0.0 0.29152259677892844 0.07367675147401997 0.016729214182895913 0.18688370627950643 0.27371304336837765 0.1574746826829008 0.0 0.0
0.0 0.3541719648415369 0.3428958962909865 0.30293213621278847
0.0 0.3133750946563202 0.2786610826586002 0.13759970753539397 0.27036410971531266


0.0 0.34187108104872926 0.29631506806438246 0.16263501930298915 0.19917882699894612
0.0
0.0 0.1388740788515394 0.12522889722220448 0.11327166033989922 0.12470298035989284 0.13513425143533486 0.13699842050287772 0.1248880540833487 0.1009016560906938
0.0
0.0 0.11916262204797007 0.12139281166553104 0.0763898487689225 0.09169521974285545 0.117421017239753 0.10132024008221129 0.09022042116667735 0.06446581523887793 0.06035953255377164 0.06882623771455426 0.08874623274225293
0.0


0.0 0.23664112320760666 0.19329661534685594 0.1925196343511652 0.18470171377889735 0.1928409114893161
0.0 0.5248556391392322 0.4751443565952475
0.0 0.13315168086007284 0.11219383630472599 0.1134018487146815 0.0977077901408217 0.10447479462597803 0.12585472873250206 0.08753111459403456 0.047789672587624496 0.03445357928091589 0.0781477288711434 0.0652932240875271

0.0 0.9999999855667371
0.0 0.2502601406128101 0.1543377419889788 0.17382039709115407 0.1736637348916903 0.24791798307019106

0.0 0.9999999829618558
0.0 0.1396339510996211 0.11442336615733989 0.09836510615911548 0.08808470603635124 0.12225170389551863 0.13039971138372616 0.09442610296436896 0.05014127355841554 0.035511372313782597 0.05594320732863098 0.07081949781118886
0.0 0.3299712174724208 0.03415618045730353 0.0017832266197826076 0.0852932230227407 0.28391390653936277 0.25169766854307096 0.013184572540831647 0.0 0.0 0.0
0.0
0.0 0.1682699895682 0.12508919043758113 0.018424024356053 0.05057905343113268 0.17295428523234102 0.219798770754574 0.1124432316251122 0.0 0.0 0.01427428398037205 0.11816716624861455

0.0 0.10647194934853947 0.092558227811567 0.09082741399728601 0.09424198918342722 0.10112264673715415 0.10008863918343386 0.09481154588285551 0.07823397903180107 0.0813579268077062 0.07807522134969554 0.08221045987355653
0.0 0.9999999910120015

0.0 0.1907879755912456 0.15651864489260298 0.13878132146317199 0.14935827580603622 0.18610844020370806 0.17844534050841365
0.0 0.555356895805929 0.44464310010738506
0.0 0.2418508714495492 0.19589786109828541 0.14281128357290804 0.1871631249447613 0.23227685662167227
0.0 0.9999999836228634 0.0
0.0 0.26183813755902896 0.19970194754357476 0.13785050469907398 0.16841699622116346 0.23219241189295098
0.0 0.13270858512109387 0.027379359861422974 0.248245199688472 0.2061990834618679 0.17273215851692555 0.2127356083943775 0.0 0.0 0.0 0.0
0.0 0.25339206402434333 0.1627894657334907 0.1690720541641741 0.19329847215427742 0.22144794189457617
0.0 0.9999999914301894

0.0 0.41860841266612003 0.30487353795429256 0.27651804523948054
0.0 0.39638110485165046 0.32639547308007405 0.27722341870651646
0.0 0.17375663660758262 0.1210961749231784 0.12667619948950645 0.11914664927062667 0.17567551325081157 0.13511286685182294 0.14853595807552966
0.0 0.13870730291892513 0.0918186804088588 0.1133104401424173 0.10016734031543958 0.11407895065658132 0.11675613774787255 0.10727336071367054 0.04108688699235967 0.044218550759014465 0.06568874043721262 0.06689360770487121
0.0 0.11744100562162851 0.09650847271842712 0.09156060674410897 0.0928700246780351 0.10068228969546816 0.10329148780097566 0.09935106588615691 0.07981663234901681 0.06211431991041042 0.07762140242102294 0.07874269123397945
0.0
0.0 0.9999999919101531
0.0 0.15132033340433865 0.13143236918827764 0.1153176631096372 0.1375025951416221 0.15426337951175828 0.17060711506008827 0.13955654316710875
0.0 0.14553236857772262 0.11018296325325476 0.13238752243422722 0.11789414073655036 0.12065043846180942 0.13341696561762073 0.138733771801508 0.05092311504540672 0.050278712770023014
0.0 0.23353706533266463 0.06354479299370404 0.03642436118445344 0.16370162806463245 0.19998628187745293 0.2063528282233445 0.09645303885451462 0.0
0.0
0.0 0.2455524489170394 0.08627106035386077 0.02595116176130093 0.13850123586588692 0.2633253528082882 0.11650045778551123 0.07999504712307226 0.0 0.0 0.004258679529095504 0.03964455144362144
0.0 0.4967246540724398 0.24303857810282953 0.2602367593460923
0.0 0.9999999869546611
0.0 0.3447045783408113 0.044831114675520436 0.05693088519711809 0.2045499399558611 0.3489834765124686

0.0 0.11086581525970579 0.09880447562155928 0.0861273229465798 0.09670756901442149 0.10316286435968869 0.10957403390316242 0.090089275250095 0.07022789336970613 0.06200115813616102 0.08026059913474069 0.0921789921147871
0.0 0.21122542835000493 0.00935249039880916 0.17279443451223453 0.16367449649701415 0.22367798474727787 0.14606462934281023 0.0 0.0 0.0 0.01378957672273612 0.05942095623340773
0.0 0.5439876250991379 0.45601237094920927
0.0 0.1653575689671032 0.1254494489129186 0.09134852479229696 0.11205305338007562 0.1329732193505875 0.12679562926182725 0.11840176018237364 0.05739527485137382 0.07022551887837528
0.0 0.2816680234172474 0.23547261249321833 0.2366230191768633 0.2462363427311935
0.0 0.12985154388658088 0.11550711771315278 0.10247196012760441 0.11123596859963075 0.12375282290115361 0.12006808121502653 0.10445818418933693 0.1031673385157967 0.08948698188279816
0.0 0.9999999923678827
0.0 0.36513083182245126 0.3310250548019203 0.3038441105064873

0.0 0.9999999886541772
0.0 0.21286315779982778 0.19690515955348598 0.1869400608001811 0.1816738209103813 0.22161779883571026

0.0 0.6598207536225463 0.32124933905380804 0.018929896933781

0.0 0.2501855352061671 0.1762534927104969 0.19794350369475802 0.17685831400837757 0.19875915149131276
0.0 0.16423567741251732 0.147277861237872 0.13282907902405647 0.1323362333908697 0.1460255447037303 0.14814376854004102 0.12915183447552675
0.0 0.10777214316095689 0.09574705520102274 0.08427473109959983 0.09510529702419111 0.0928129416462482 0.10006473565195102 0.09651698981823383 0.08651921563113578 0.07686163933100353 0.0773614777309872 0.08696377291026869
0.0 0.26999229416877546 0.22890810138850537 0.237109390098502 0.26399021212770796
0.0 0.6193229383709989 0.3806770563549276
0.0 0.11884796604762168 0.1260332851847263 0.09992931460488318 0.19271852142326695 0.19605505749276228 0.1781454987534642 0.0 0.0 0.0 0.0 0.08827035343086566
0.0 0.544033096979252 0.45596689800774054
0.0 0.2839676108868993 0.24167297080559483 0.23812194588953234 0.23623747019366956
0.0 0.17399286692489094 0.11561382203245665 0.10988124006146816 0.14409368100014142 0.14559903102446103 0.16224850656352277 0.14857085079280669
0.0 0.6575642336959738 0.34243575774349877
0.0 0.24555053764471946 0.12085310790666935 0.17318266800168552 0.21716223115747382 0.2432514504830118
0.0 0.21499499696600324 0.1905672865365741 0.19097651453604805 0.1981427352449913 0.2053184651150057

0.0 0.1362680736933157 0.136760590384311 0.1098170366576022 0.11216693134003619 0.13248073159787066 0.11843232378210504 0.10534103543341072 0.09583682422472652 0.05289645155333296
0.0 0.5152358523986453 0.48476414197090034


0.0 0.38409122488986513 0.31224561722800087 0.30366315461787263

0.0 0.11953568598879448 0.09715855436914 0.09399434700152413 0.10120217365881808 0.1091813824797855 0.10660964156488144 0.09142894718354917 0.06926218398228938 0.06881286165387662 0.069208999656793 0.07360522149120004
0.0 0.1896502404076599 0.16056171278157397 0.15603381674266784 0.14657424036053981 0.17295016898233193 0.1742298186018471
0.0 0.17962225521337527 0.15245253827616878 0.15250183523616623 0.15400676080543965 0.15293327678260216 0.20848333196184712
0.0 0.28509663884265884 0.10262557364161004 0.025241414761444817 0.11582961175413821 0.17155662893027293 0.12501536450896888 0.17463476453764767
0.0 0.4005159158732516 0.30242474672738523 0.2970593337828188
0.0 0.19912358877801475 0.0 0.07045270694373992 0.15927086271807045 0.2651073858505522 0.17240343249462065 0.03850935281333294 0.0 0.0 0.0 0.09513266706133577
0.0 0.12215081094210674 0.10840231483782083 0.08576194643955788 0.10091581088389526 0.11739191142034447 0.11368637212687109 0.09963883001197069 0.058556224163055365 0.05420834964283735 0.05489771327786911 0.08438971509272844

0.0 0.11493711503660436 0.09881143858665813 0.09794356868747939 0.09347126445431701 0.1083962770389204 0.10089125547411504 0.09316433895385168 0.07028557125718927 0.07034875286826517 0.06907783766877011 0.08267257910647821
0.0 0.21120055196026746 0.05168292124445187 0.042920948839317984 0.14976869880590066 0.3014973014114284 0.24292957370196055
0.0 0.9999999917455384
0.0 0.27030571064378606 0.15397427855245946 0.038681836155445744 0.10407110574883051 0.286758056260304 0.14620900902186626
0.0 0.999999988026452
0.0 0.2769904757114385 0.2430119194089814 0.23591566490144697 0.24408193793953076
0.0
0.0
0.0 0.09841514084604436 0.09732253547060755 0.09475602981958788 0.0952686040536692 0.09474227917062351 0.10467603684673515 0.09132972681025077 0.07875747827345282 0.0767934380985174 0.08100578929034455 0.0869329405256851
0.0 0.20783183021931442 0.030059090156876286 0.08948806346328833 0.19137472972080433 0.15916174433116878 0.24891293812087428 0.07317160075767946 0.0
0.0 0.1515401173267846 0.12056111579681396 0.10514143069164361 0.14349398852934447 0.12312786530078736 0.14501244934939173 0.1251693708592831 0.08595366091606553
0.0 0.3729593055859601 0.37467641258308787 0.2523642777171004
0.0 0.9999999885401668
0.0 0.220719277930655 0.18793985919626038 0.1865170711913771 0.19332829310096689 0.211495496854003
0.0 0.1743027749117328 0.1475464037773134 0.11792115198358247 0.14049240257444642 0.139169746602977 0.1508048445515442 0.12976267419358706
0.0 0.2985322622159165 0.23825684450027648 0.23891224260264549 0.22429864812140465
0.0
0.0 0.2802692626735851 0.256855906078484 0.22514872962510846 0.23772609958792268

0.0
0.0
0.0 0.13924666832149074 0.09156317393364352 0.09618653357296864 0.10820833604173469 0.14135644695658175 0.13591254958368407 0.09905585882950431 0.04841758460494221 0.00739985853939761 0.04300801800456096 0.08964496994562092
0.0 0.14267472206345266 0.12420033042096663 0.09205114165549384 0.10421341658026244 0.119529283104704 0.1356094806250719 0.1140417040322609 0.05634760401057775 0.04816816536026061 0.06316415082526144
0.0 0.10654712719487608 0.0874174107009185 0.09811800780030921 0.09456712068140925 0.10298695359353609 0.11075945922970518 0.10315180061515736 0.06770458647623599 0.06250853646820276 0.08012006683292454 0.08611892948957223
0.0 0.15504630902107966 0.11190202118179077 0.07035844422711547 0.09153832926416666 0.1396880561915128 0.10533537812596298 0.11099828445841367 0.04197842068621911 0.035114131704320144 0.038085912973700245 0.0999547106038544
0.0 0.2708988176430387 0.24334500559997382 0.24536267684169866 0.24039349769586646
0.0
0.0 0.23279009942108242 0.21499291578937257 0.17377638558704825 0.17811578260794406 0.2003248145572075

0.0 0.3763246478058084 0.30390969129833667 0.3197656572671442
0.0 0.10279506006245816 0.09459993525802786 0.09406923068424078 0.09372239756130707 0.10093042299799818 0.10026793576187726 0.08825581322834705 0.08222135782803162 0.07872288031387083 0.07763406914489124 0.08678089638024208
0.0
0.0 0.18063063717088684 0.16301730354496513 0.15150402130215576 0.15849862530435027 0.17044669734124815 0.17590271394559576
0.0
0.0 0.12117514226520788 0.08718112708140863 0.09847891791401266 0.09946722029073597 0.10398103978970476 0.09871660837547469 0.09454990750169112 0.0734093301060245 0.0768454808945627 0.07115075267700217 0.07504447215169756
0.0

0.0 0.14093586949935813 0.12575273861163477 0.1187151383716337 0.12375403781348111 0.13516995572486284 0.1388906783871822 0.11518452848056038 0.10159705199463977
0.0 0.9999999926822848
0.0 0.22695728396078346 0.16489393907602115 0.1892670600983705 0.18560137816872546 0.23328033649193877
0.0 0.12338586750318321 0.11198485904725568 0.09334782356548833 0.10408429009723129 0.1037549694885287 0.09931155824828343 0.09588250162881788 0.054681901943417696 0.07174995366617241 0.06409305928877682 0.07772321452160633
0.0 0.21349490556026257 0.15484986095984787 0.14356698663741277 0.15903816519372818 0.16047068937153555 0.16857939054572044
0.0 0.613253691163784 0.38674630215340705
0.0 0.13004190484169914 0.0936680292582425 0.08733195125437729 0.1004462805543986 0.10404436496001186 0.11248566122587914 0.09422954683688158 0.06891938343829304 0.055416478052805744 0.06686726407711863 0.08654913451674098
0.0 0.15689180079747325 0.12697895400580972 0.13162858464734373 0.14689965652448211 0.17613217714210352 0.14782139012182252 0.11364743534470696

0.0 0.3754104777626355 0.34969201532541205 0.27489750383747136
0.0
0.0
0.0 0.9999999924037511
0.0 0.15975862228592813 0.13238550279136915 0.13350750387109267 0.1334363261838067 0.1561768054029295 0.15168677390006194 0.13304846435015108
0.0 0.4506092889861164 0.2983350913822252 0.2510556157569793
0.0 0.27204770166679815 0.25604009637067227 0.22226241516215628 0.24964978462763412

0.0 0.4904083713978146 0.5095916185855663
0.0 0.5331326241917285 0.17046357712740864 0.07836714031479732 0.21803665260205138
0.0 0.14313945409393472 0.12039731868814285 0.11488091937279964 0.11775964262839748 0.1366615754976896 0.14097536623014179 0.12509168778499843 0.10109403460188564
0.0 0.5407759306552075 0.4592240651405538
0.0
0.0 0.9999999921773965
0.0 0.1358561694752201 0.10304637004257132 0.09417232829144916 0.09712196500473165 0.0988527883812233 0.12888990401664185 0.1052729454781367 0.05285551334733557 0.05627498708473231 0.05677597877449 0.0708810490623854
0.0 0.22355657485801164 0.13735415241277923 0.13721859590069896 0.14735354225398692 0.18492637380875984 0.1695907590148168

0.0 0.5975138389555242 0.40248615223227874
0.0 0.9999999922478772
0.0 0.9999999905248005
0.0 0.2809839338206453 0.11825471034087753 0.1290214099412359 0.12338160860701292 0.12928475169710277 0.11525116978497738 0.039500804796215594 0.0 0.0 0.0 0.06432160793442865
0.0 0.17237849449789303 0.15866963163066572 0.13184704009271514 0.1283845333157807 0.159479255702387 0.14902840356570063 0.10021263968262673
0.0 0.17709704395544823 0.1738466074579887 0.15105737785766488 0.16045434266463085 0.1586219417014691 0.178922685006595
0.0 0.2565849643727345 0.1886380306511374 0.156747055927521 0.19804812787738862 0.1999818191137631

0.0 0.18393437277505428 0.1410145785018775 0.12725132887541665 0.12850564060419473 0.13872358996897022 0.1500298773383959 0.13054061047417867
0.0
0.0 0.2239777451706697 0.10167489661914206 0.12345881473854774 0.15313668260172345 0.16365047724683188 0.2341013811765234
0.0 0.10969117912835734 0.10132708502797429 0.08930436766112226 0.09575980518563657 0.1068281600131466 0.11003152602458582 0.08390060403876315 0.08340970040969378 0.06846489581830789 0.0659058236943184 0.08537685216224909
0.0 0.11362041763792351 0.09344938526179748 0.09309633278449654 0.095611355806726 0.09818110650765947 0.10802691822935159 0.09802777811284047 0.07377233127626537 0.0641102514834996 0.07606980041384033 0.08603432160156721
0.0 0.11991455082215902 0.10517957995936117 0.09940110045182675 0.09490292084206817 0.09977632409176887 0.12259538268529248 0.08695867681627131 0.0629209974884445 0.07126999541337709 0.0655038356237982 0.07157663472419065
0.0 0.362304262003516 0.31276778673691497 0.3249279479972426
0.0 0.15694405893929206 0.12820608909782752 0.09722437577636338 0.10252812542845398 0.13653363760845716 0.1466949740128603 0.10519643897094162 0.06401469479843136 0.06265760398796211
0.0 0.26868474040857565 0.037952211157612444 0.026004698208185517 0.17537109483108954 0.2268902616163552 0.2650969890422056
0.0 0.185640515829811 0.12029060819978049 0.10976749001209313 0.12779246141795997 0.16029137700414028 0.14779370392927563 0.14842384207129342
0.0 0.12195484262873676 0.10840170828873365 0.09223255814193156 0.09667769661406578 0.09558931214946474 0.09352389825370164 0.09413417059607901 0.08163823920978 0.07070573091681376 0.06264462735140464 0.08249721496784114

0.0
0.0 0.9999999922708623
0.0 0.9999999925949281
0.0
0.0 0.17511429455813152 0.01875080309936645 0.07751848012864833 0.14322090027203133 0.23575192610287285 0.16302416364372915 0.0850510989015582 0.0 0.0 0.02465758254884215 0.0769107476686218
0.0
0.0 0.36401883148851416 0.1912191245315199 0.25804852092550906 0.18671351712029738
0.0 0.99999999129297
0.0 0.11673911121258339 0.0950993648511589 0.09489628040585968 0.0848023491723231 0.1088570914805414 0.11984834118176949 0.08890061640929905 0.07908871617597091 0.06723557697964569 0.06557336768209265 0.07895918348460394
0.0 0.2307962150954095 0.19817123990313376 0.16440636921614185 0.19419510366687145 0.21243107016199614
0.0
0.0 0.5486303066679591 0.45136968866628663
0.0 0.9999999898705919
0.0 0.9999999892906908

0.0
0.0 0.26764477996145275 0.26645920214039165 0.22813725639736568 0.23775875937196286
0.0 0.14124777446383896 0.11467844199376413 0.0888227251868893 0.10081247032794562 0.11646488320487167 0.11994040526738224 0.10783195580900892 0.08134865973398882 0.062174082070460795 0.06667860079042774
0.0 0.9999999902334518
0.0 0.9999999830952889
0.0 0.170437429800716 0.15733078517722124 0.12540606024957218 0.11106363250558059 0.16957252324492245 0.14299089406405122 0.12319867353934963
0.0 0.45514888676600435 0.36434447918243035 0.18050662866924885
0.0 0.12375784019723361 0.0968923485694716 0.0946565563020078 0.09714756782555706 0.10506011740135192 0.11647189449572126 0.09827805390620847 0.0634097798715247 0.057772293496925996 0.05756484161168362 0.08898870519990013
0.0

0.0 0.15548139160018215 0.13302138121798673 0.13557967044849528 0.14769125232977945 0.14748232152272248 0.14488412993316124 0.13585985179840146
0.0 0.10717988238579161 0.11011795838484391 0.09000444203071693 0.09275957686949332 0.10905618815750773 0.10904214506078098 0.09510032536529785 0.06666600110043719 0.07214875953220186 0.06724792000625296 0.08067680014207347
0.0 0.14748347521975577 0.11382441225399441 0.0921445427577073 0.09180820892671941 0.10203455860075705 0.10301343230374363 0.09406650209646442 0.05411009335865632 0.0536874304592366 0.056995527927132396 0.09083181503921305
