1 4 11 3 6 2 7 8 15 7 1 10
1 10 11 2 11 6 7 12 8 6 9 15 10 4 8
1 3 11 4 3 6 7 8 6 13 10 10 12 6
1 6 4 11 11 4 8 7 9 7
1 2 6 6 5 15 8 8 7 10 3 9 9 4 6 6 10 6 10 6
1 3 11 3 4 11 12 8 8 9 10 6 10 13 9 12 6 6 13 8
1 6 2 3 3 8 8 8 9 12 10 6 6 6 9
1 4 6 11 4 6 8 8 15 10 9
1 6 6 5 11 6 9 8 9 12 10 11
1 3 5 5 5 7 8 8 9
1 2 8 2 3 5 8 7 11 8 9 6 6 6 5
1 13 4 3 6 5 7 8 8 10 4 15 15 13
1 11 6 13 2 2 7 15 8 12
1 3 4 13 3 8 12 8 15 10 13 10 10
1 2 6 5 13 5 6 8 15 9 5
1 2 6 5 11 6 8 7 9 6 15 14 6 10
1 5 11 6 6 3 12 12 9 9 2 8 5 8 5 9 9 10 8 6
1 2 11 11 5 3 8 12 12 7 7 10
1 11 2 5 3 2 8 8 7 10 8 10 15 10
1 11 5 4 6 13 12 12
1 4 2 11 3 13 7 7 7 8 8 13
1 5 11 2 4 11 8 8 10 9 10
1 6 2 2 6 3 8 8 7 9
1 11 2 5 11 6 7 8 14 15
1 2 2 4 4 3 14 8 9
1 6 13 3 3 6 7 8 9 6 9 4 6
1 6 3 5 2 2 8 12 14 12 5 10 15 6
1 5 4 3 6 2 8 7 8 8 15 9 9 15 10 6 6 10 4
1 2 6 6 3 6 8 8 9
1 11
1 6 11 5 1 11 12 8 8
1 2 6 3 6 12 8 7 9 10
1 3 2 2 3 5 12 8 10 12 6 10 4 6
1 2 4 6 4 4 8 8 7 8 8 10 9 10
1 13 2 9 11 3 8 8 9 4 6 15 4 2
1 3 6 5 5 6 8 7 8 9 10 6 3 9
1 6 4 6 3 2 7 12 7 6 13 10 10
1 3 11 3 5 4 8 10 9 9 4 9 8
1 5 2 4
1 2 2 3 2 2 12 8 12
1 13 11 3 3 3 12 7 8 9
1 6 6 3 4 7 8 12
1 6 4 11 2 11 8 8 8 13 9 15 14 8 3
1 3 3 13 6 11 8 7 12 12 6 10 10 6
1 11 2 11 11 8 8 12 14 8 10
1 2 2 4 3 6 8 7 13 7 12

1 2 6 5 3 6 8 8 12 10
1 11 2 6 13 4 8 8 12 2 12 3 10 6 10
1 2 11 6 2 6 7 8 8 7 6 9 12 6 4 9
1 12 3 6 11 5 8 7
1 11 2 6 11 11 7 8 7 12
1 13 3 4 5 11 12 8 8 10 10
1 11 3 2 3 5 8 7 9 10 9
1 5 5 3 5 6 8 8 8 14 8 9
1 3 6 5 3 5 7 7 10
1 6 6 4 2 3 7 9 8 10 9 2 4 4 10 10
1 5 5 11 3 11 12 12 8 8
1 6 11 6 11 2 8 8 12 8
1 4 3 6 5 10 8 14 7 9 8
1 5 5 2 5 11 8 7 15
1 6 4 5 5 6 12 15 12 10 15 9 9 9
1 2 3 2 11 6 8 12 7 9 13
1 2 11 3 3 3 8 7 7 8 10 10
1 6 11 6 3 2 8 7 8 12 10 9 7 3 3
1 6 13 2 2 5 7 9 15 10 10
1 2 6 4 5 13 8 7 7 10 2
1 6 11 2 11 11 12 7 9 12 8 3 9 13
1 3 3 3 4 5 8 8 12 3 6 10 10
1 2 11 6 11 3 8 7 9 13 6 10
1 2 2 11 4 5 15 7 10 9 10 11
1 6 3 2 11 7 8 8 12 12 12 8 9 6
1 6 3 6 3 6 8 7 8 9 2 9
1 2 2 6 2 6 12 7 7 10 15 14 10 10
1 2 3 3 13 6 12 7 8 9 7 13 6 11 13
1 2 2 3 2 6 3 8 8 9 11 12 6
1 11 3 6 3 6 10 12 9 6
1 13 3 4 2 2 5 8 14 10 10
10 2 3 3 5 6 8 7 8 10
1 4 6 6 4 11 8 8 8 9 8 10 2 11 10
1 5 11 2 2 6 8 9 9 14 5 2 10 6 4 6 4 11
1 3 2 6 6 6 8 12 8 10 4 2 9
1 2 6 5 6 2 7 9 8 10 1
1 3 3 5 3 2 12 9 9 11 8 5
1 4 13 2 3 4 7 8 9
1 3 4 2 3 2 8 7 10 9 10 6 1 8 4
1 4 3 11 13 4 8 8 9 2 6
1 3 11 6 3 8 8 7 10 9 9
1 3 2 5 3 8 7 7
1 2 5 4 6 11 8 7 9 15 9 2 9 10 6 9 6 10 6 2
1 3 5 3 11 2 6 7 12 9 13 2 6 4
1 13 11 11 6 3 7 7 7 10 6 11 1 10 6 2 6 10 6
1 13 11 4 5 12 8 7 8 12 3 6 2 9 8 6
1 6 6 3 2 13 12 8 7 15 12
1 3 4 3 3 11 8 8 9 7 12 11 10 2 10 5 10 8 11 6
1 3 3 6 2 6 8 7 12 9 9
1 6 4 11 3 3 12 7 7 6 13 13 10 15 6 11
1 11 4 3 2 2 7 8 8 9 9 2 6
1 1 6 3 6 8 8 8 12 9
1 6 2 13 13 12 12 13 8 13
1 3 5 2 6 6 7 7 14 6 15 12 13 6 9 11 4 6
