0.0 0.02476385322221326 0.02479855250193559 0.023156381694908173 0.02285122892391849 0.14065889048003832 0.33637277219703055 0.2489766460248984 0.14101216567316924 0.03740950805629369 0.0 0.0
0.0 0.028082869252171745 0.0259628604354498 0.024443993725727566 0.02431777951600617 0.2601330821175249 0.31763827614302925 0.21186015427245378 0.09758501092627372 0.009975972399965482 0.0 0.0 0.0 0.0 0.0
0.0 0.02100133871070828 0.019213060757148372 0.017504054023111653 0.03810491899577971 0.31020875507951723 0.29494447606870416 0.19740262184737323 0.08681034463070647 0.014810428698434054 0.0 0.0 0.0 0.0
0.0 0.0261700947967085 0.022408682230747823 0.021184920392268325 0.024628230608172184 0.2262425145768587 0.3221186654135097 0.226992275223474 0.11477858411289062 0.015476031438240317
0.0 0.028910996169868593 0.026214198884086028 0.024267003673843775 0.027304298660138237 0.09103237838693634 0.34328219377703056 0.26084123691146344 0.15541627859695448 0.042731413655406364 0.0 0.0 0.0 0.0 0.0 0.0 0.0 0.0 0.0 0.0
0.0 0.0282748794040131 0.0254709613510589 0.024032130656651753 0.023679263067105744 0.09137421821745982 0.3378737497248953 0.25935811022279104 0.15873381676902154 0.05120286932679618 0.0 0.0 0.0 0.0 0.0 0.0 0.0 0.0 0.0 0.0
0.0 0.024291048166053066 0.022245249277207054 0.02025827982380004 0.02364185093734061 0.3305597160031231 0.3009137219905383 0.18910964508786807 0.08192766760128262 0.007052819933582715 0.0 0.0 0.0 0.0 0.0
0.0 0.027157955659088833 0.025160417368250372 0.023317260288439102 0.023095142041201482 0.2462244336176204 0.314781429269847 0.2139312214619593 0.10693263610338162 0.01939950297833363 0.0
0.0 0.02665982522952077 0.02395467923498196 0.022157256022557276 0.022013374576933534 0.24701060517045054 0.31457860080892586 0.2173408759773927 0.10989428183262086 0.016390499937157 0.0 0.0
0.0 0.02150574730966254 0.019796642467063544 0.01836356376575772 0.04093959240858525 0.32432462325270744 0.290376890714274 0.19047061098781434 0.09422232791069472
0.0 0.027915626230700614 0.025464296160848766 0.023649504372093583 0.023803804870299806 0.24507114536719765 0.31622030986866706 0.21541509908191045 0.10749459654152145 0.014965616290036465 0.0 0.0 0.0 0.0 0.0
0.0 0.021480867208466998 0.019487438433374808 0.01558717909567361 0.02408081018815473 0.29452474982809906 0.31065895336911153 0.20713192478024278 0.09127290052215749 0.01577517535662895 0.0 0.0 0.0 0.0
0.0 0.02498923761878936 0.027000349928535453 0.025179488264466317 0.02358484436673905 0.12397539952103995 0.3438949498446637 0.2532624896821066 0.14402895428111054 0.03408428521477644
0.0 0.023033685257611018 0.020868416264510976 0.018809483591778187 0.02541098732791148 0.3313485222717056 0.29885954749194615 0.19271168517940399 0.0815346150166432 0.007423056406256605 0.0 0.0 0.0
0.0 0.024380719185398036 0.021980437495871703 0.019876579233319855 0.01923060278082299 0.25473898474540585 0.3141079531632801 0.21584797796082786 0.11198497498616594 0.017851769269070786 0.0
0.0 0.021802587868988914 0.020573313016921866 0.018858239963151755 0.02338413622497141 0.33590884852738884 0.3003569398625809 0.196423107964747 0.07812074984731206 0.004572075511066348 0.0 0.0 0.0 0.0
0.0 0.027711967854632497 0.025633438687166745 0.023895331619419317 0.022832360204282826 0.25664183029641174 0.3182734107167647 0.21343816623289116 0.10121271702082012 0.010360776147566083 0.0 0.0 0.0 0.0 0.0 0.0 0.0 0.0 0.0 0.0
0.0 0.025977482078445663 0.023678901149347165 0.022082445111824663 0.02442797347052334 0.22728506078489605 0.3082610654113704 0.21686732182899518 0.1288343795462963 0.022585369451416572 0.0 0.0
0.0 0.02771726278234964 0.02417056369266459 0.02172378514158289 0.021884941815002248 0.22171003657827018 0.32919721003577634 0.2278108230907104 0.10723391936393249 0.018551456263847764 0.0 0.0 0.0 0.0
0.0 0.030234675350604152 0.027977064994494573 0.026243780041030035 0.02816838892743047 0.3133429431328184 0.34472830403251525 0.22930484217305405
0.0 0.024940343281886497 0.02212720770342066 0.020237585371696412 0.021417697630258983 0.13962986174212086 0.3303820983895465 0.2503987985431203 0.14930942084548834 0.04155698526534907 0.0 0.0
0.0 0.0258447600209003 0.02350392502341198 0.021827767480748078 0.022238167732434994 0.29108892333309855 0.30379032361948427 0.20327447464234213 0.10001098025283703 0.008420676725277281 0.0
0.0 0.02570533043474011 0.023382145250937986 0.02161168761896315 0.02878758637041066 0.29299432921189333 0.3023370245062414 0.20191397765181207 0.09444790801600593 0.008820009761890868
0.0 0.02822109019681511 0.026150252938471386 0.02430771520353394 0.026545892378136596 0.22718899234253423 0.32248542634698923 0.21925391504800085 0.1115490255266352 0.014297688774494126
0.0 0.029606538780740144 0.027253139857414996 0.025658657220238863 0.024857018891416057 0.1787865451410193 0.33775735883026103 0.2411968251706977 0.13488391481966017
0.0 0.021197369559115817 0.019690453163682925 0.017675561109292415 0.028696180564357653 0.29386662177020456 0.303861844420731 0.2062397019410006 0.09189328508497183 0.01687898121820843 0.0 0.0 0.0
0.0 0.02663726357855413 0.02434043085949869 0.022446212160701997 0.022974066869695636 0.31250881743130926 0.30201472624108 0.1934862034200463 0.08759991742018862 0.007992360824558422 0.0 0.0 0.0 0.0
0.0 0.027192473627932444 0.025156659483461925 0.02377031797252489 0.023057959707507382 0.26850808852541297 0.31235469843662533 0.20873724294669335 0.09876078446827624 0.012461773621650605 0.0 0.0 0.0 0.0 0.0 0.0 0.0 0.0 0.0
0.0 0.019096644988008647 0.01825082378761477 0.016233679758112945 0.03395516674684432 0.31561493983758787 0.3092100112879161 0.19888738322618732 0.08875134918466678
0.0 0.9999999560307344
0.0 0.02851077366454726 0.025980469631589013 0.023916802372588454 0.030611574575223472 0.17060038630244095 0.3390263847020301 0.24586684000050865 0.13548676748288016
0.0 0.022593221884523115 0.02070176639467201 0.01908394590819228 0.028887300439704545 0.3171128066281507 0.29933231835794183 0.19946851892196102 0.08242070782463279 0.010399412463386689
0.0 0.0161182154997741 0.015247879661433388 0.01437884446655095 0.03995697355606861 0.3184875368033449 0.27777020879294334 0.20820111767720137 0.09159306648882809 0.018246155905372298 0.0 0.0 0.0 0.0
0.0 0.028906449526447688 0.026535227787448688 0.025015068923928803 0.02781421341702524 0.14993261501948268 0.3362804412846857 0.24382708470103595 0.13427840596361273 0.027410492107727613 0.0 0.0 0.0 0.0
0.0 0.027827002849890422 0.02579102016113622 0.023935391900733714 0.02265737676510982 0.22492126690054925 0.3223545803485045 0.2199891692460197 0.11576452406934802 0.01675966653657674 0.0 0.0 0.0 0.0
0.0 0.027352344875937303 0.025170861368948003 0.023951786233815095 0.022560352443179353 0.18641752159394667 0.3188541969663976 0.2500463959699804 0.12292006340080952 0.022726475942425453 0.0 0.0 0.0 0.0
0.0 0.023293697174921583 0.020894525920767754 0.019117333825099923 0.019746962994626124 0.19969721863013926 0.314449730003147 0.24870066852623757 0.12775652356095138 0.026343338189318683 0.0 0.0 0.0
0.0 0.027336582070089883 0.02484036754630553 0.022750395281116716 0.023955609827001855 0.14045629600209597 0.33776104822372827 0.2508729214011783 0.14079320776336796 0.031233570635232195 0.0 0.0 0.0
0.0 0.36183506432150325 0.3295175342873677 0.30864738503904904
0.0 0.028847448898942453 0.026645215176360176 0.024917580954477006 0.022718822775950075 0.1651809981303285 0.33918725946876416 0.2488505332803547 0.14365214002263568
0.0 0.02702634540893201 0.024257358797659275 0.022705733517887225 0.025887321833513385 0.18974586401002408 0.3233455975792694 0.23211331873414512 0.12830521817784973 0.026613240729811617
0.0 0.032803834200259646 0.030506689906016578 0.029080296012098505 0.030462416466393184 0.2548968780504265 0.3707451813391325 0.25150470258267155
0.0 0.026200340621156663 0.023606856086230803 0.02186445197206771 0.02207276957418264 0.22553240625853074 0.3168705552540625 0.2203527923560018 0.12142675504112445 0.02207307166141197 0.0 0.0 0.0 0.0 0.0
0.0 0.027310230400082826 0.02481490841060769 0.023410196424637018 0.02259586134383364 0.1314988306799485 0.3347781617428917 0.2498177795100986 0.1410297201720015 0.044744310086585685 0.0 0.0 0.0 0.0
0.0 0.01959518340295615 0.018221430395506104 0.016242081788846077 0.03276759397410086 0.30432686497146816 0.3006490484092736 0.20236381264353645 0.08986045091187407 0.01597353231003084 0.0
0.0 0.02465151105818493 0.022682263776367603 0.020641903440823155 0.02118214903174697 0.30638027462180567 0.3046446601543916 0.20254555851949269 0.09019105339482324 0.007080624797690057 0.0

0.0 0.027924021435997485 0.02558629295966317 0.024072822661450454 0.026351693494390205 0.1600956924490106 0.3339947906861866 0.23862259837567526 0.1337301380586732 0.029621948630377284
0.0 0.026861503497551918 0.024527943129002996 0.02271152879346145 0.023731673898855287 0.25353026402381257 0.3173048697445594 0.21492741772397747 0.10394678160107158 0.01245801638822986 0.0 0.0 0.0 0.0 0.0
0.0 0.024553957287667922 0.02248012055974935 0.019012063199168063 0.02944480979503842 0.1782806138139499 0.32827030207556296 0.23639306982951147 0.13064060567917554 0.030924456512549055 0.0 0.0 0.0 0.0 0.0 0.0
0.0 0.029877246250955666 0.027337470729855956 0.0260179690255261 0.026136599897073346 0.32898118957605404 0.33805332938437743 0.22359619381017767
0.0 0.021829745203310012 0.020376332545946632 0.01844755741627831 0.026089055393463973 0.27617115755190874 0.3005415393074613 0.20596437739515647 0.1124334218249308 0.018146812222912416
0.0 0.024029818820002838 0.021498766081042793 0.018459672347319534 0.019850689431760677 0.2517356441393323 0.31535781199345697 0.22137663890572176 0.11077491973827357 0.016916037367594648 0.0
0.0 0.026251280271387404 0.023629369925145857 0.022142065678615885 0.020993966363600333 0.22928881059093414 0.3205217976414832 0.22179259558599262 0.11727592712600445 0.01810418563005459 0.0
0.0 0.02775992994771595 0.025721254013413238 0.023671733231327454 0.02405122975130463 0.19487313637012119 0.3308683688227542 0.23199254486083068 0.12061901224267453 0.02044278953256402 0.0 0.0
0.0 0.026331305222861454 0.02410436993887347 0.0224611638759699 0.02653027979663751 0.19838295428158034 0.3407495732765101 0.23785474535271087 0.12358560698809257
0.0 0.01967570494066373 0.02039788637305237 0.0184723826591178 0.046348710142170936 0.3165765562440801 0.29480725256476326 0.1900177597951124 0.08211140789833 0.011592338192075004 0.0 0.0 0.0 0.0 0.0 0.0
0.0 0.028933860396357123 0.026612820958112758 0.0248175844981358 0.023809509978554844 0.11871616209728508 0.3426975277837224 0.2543889734175113 0.1443989622949463 0.03562459730522422
0.0 0.028061682908629166 0.025457245917098366 0.02368332264493502 0.02333967279351685 0.07486106298544687 0.34169335302294235 0.2642992489901461 0.16341440656337344 0.05519000291486558
0.0 0.027079827904668965 0.024409301080589644 0.023062584867836276 0.022629222764475217 0.23280296041811951 0.3144577768461471 0.2201327980624837 0.11459197368309887 0.020833553165063964 0.0
0.0 0.02889496260251091 0.02658166267831179 0.02520138529705473 0.02692387372163845 0.18660190403852617 0.33851357834747936 0.23959775300733333 0.12768487902193662
0.0 0.017706273151334436 0.016558667913712348 0.014981655698098516 0.049838550164241414 0.3106537755461419 0.2956264785605498 0.19147588003930818 0.08548792893149303 0.017670788812520086 0.0 0.0 0.0 0.0
0.0 0.02652224086643051 0.02413833062370176 0.021982536093393498 0.02419927515927368 0.22287457258267543 0.3142543490902235 0.22449318005265984 0.12031267825297239 0.02122283606773874 0.0
0.0 0.025382413422569167 0.022910097841679633 0.02126608096877078 0.02944469023779452 0.26300770063003265 0.31501605488049816 0.21027873428905147 0.10135238481464853 0.011341841727520573 0.0 0.0
0.0 0.02831193594054301 0.025534478057310364 0.02388941865942568 0.02394018043830868 0.06651828226854577 0.34505112843187186 0.2667150979451321 0.16507250734916612 0.054966969642137285 0.0 0.0 0.0 0.0 0.0
0.0 0.026918660331412624 0.02482031420610173 0.023116455332997228 0.026309801680447723 0.24591553873002123 0.3153207517023884 0.2155107769013621 0.10920869400695228 0.012879005911310361 0.0
0.0 0.027648567088316887 0.02590593376251763 0.025057858429437096 0.023991485319949005 0.30923429743457764 0.30240301850588164 0.1952248824281964 0.08583363669953654 0.004700319150444242 0.0
0.0 0.026539995824241474 0.024134181850824093 0.02214013235130789 0.025940269515426335 0.14719925865691513 0.33092977203105917 0.24692555084056553 0.14089430373769646 0.035296533957243414 0.0 0.0 0.0 0.0
0.0 0.02911569957781625 0.026914277313232583 0.026101087567315207 0.024354691835218392 0.19118216442154198 0.3268883768633781 0.2296835221805427 0.12241833966246585 0.023341839337957065 0.0 0.0 0.0
0.0 0.02613281976259094 0.023903584104713806 0.022158818746157178 0.02769916316959238 0.21499885285271517 0.30705348811026445 0.2412439899069827 0.11441407727750305 0.022395204872769095 0.0 0.0
0.0 0.02932853891445461 0.027032494985342617 0.02560601131682718 0.02398891494627223 0.09793596002982156 0.3399970612266028 0.25913324622914236 0.15403964152694516 0.0429381295454753 0.0 0.0
0.0 0.01853419061021198 0.01669983232671935 0.015767163009317908 0.03337776671870196 0.30961167559974856 0.29606081547727575 0.2011917243725178 0.09117654417397775 0.017580286532591492 0.0 0.0 0.0 0.0
0.0 0.02764000107561762 0.025503493082225277 0.02386424468155948 0.023636172476126937 0.20079228226746687 0.31988013860989006 0.22958717551437038 0.1255450706414186 0.023551420423925756 0.0 0.0
0.0 0.02820340998336951 0.026479260642204527 0.0245279747170966 0.024002564507621265 0.2398696179542359 0.31974730406501806 0.21868081854344618 0.10685089780553272 0.011638150547583803 0.0 0.0 0.0 0.0
0.0 0.023924185235535547 0.021801518177982322 0.01967752656670417 0.029576160549839987 0.31131090767045366 0.30294025097905475 0.19842780329393744 0.08511272883387862 0.007228917523017529 0.0 0.0 0.0 0.0 0.0
0.0 0.02253900305447082 0.020276901089563697 0.018842202086699324 0.024376872190561494 0.2852215612394411 0.30269918277286334 0.21075974550807292 0.1008135346715213 0.014470996210854667 0.0 0.0 0.0
0.0 0.02624049774356858 0.023832637487961036 0.021742333582370738 0.02754243421975013 0.1724803304818638 0.3313935931894291 0.24043597835406424 0.12863025257677713 0.02770194111825841
0.0 0.028384827100885687 0.026049529449341868 0.02475653631262857 0.023306051648064787 0.11574589598274605 0.33740760418282206 0.2524468359676709 0.15098931502899787 0.040913403075471436 0.0
0.0 0.028441123499886468 0.02727331001419958 0.02507729333027142 0.025168068516511245 0.20368341116438698 0.3271059289894473 0.22465841809304885 0.12003898629590382 0.018553458862433175
0.0 0.026681540113514365 0.024183494371149698 0.022834745481198068 0.026210766775958776 0.24511920897762937 0.3144628521550016 0.2140782685602036 0.11121725214610796 0.015211870212565457 0.0 0.0 0.0 0.0 0.0
0.0 0.02525872994524799 0.023044663379037843 0.020743718792621556 0.021905075943824164 0.2734296237938167 0.3102126371058895 0.20706354869326954 0.10011245317142964 0.018229548002828715 0.0 0.0 0.0 0.0 0.0 0.0 0.0 0.0
0.0 0.02153867969591773 0.019670907864142672 0.018079398759523836 0.03960614681319057 0.3181385719462829 0.29810766711077685 0.19350794135584357 0.08432341558207461 0.007027269682471682 0.0 0.0 0.0
0.0 0.027257183800581345 0.024417863547451943 0.022206256651323305 0.022680658339833522 0.15983609626236572 0.33261279322202736 0.24495261690065542 0.13541299398004505 0.030623536053435305 0.0
0.0 0.025163525778725285 0.02255947314560789 0.020793298330365046 0.02701482685592033 0.2720809729139781 0.30944793011592847 0.21337171623795007 0.09763904197811211 0.011929213439339241 0.0 0.0
0.0 0.024472293097091764 0.020557599936822834 0.01929528337261658 0.020544268510525963 0.24771717847968747 0.32131192923398766 0.22780455386335655 0.11829689227614232
0.0 0.02456291156305586 0.022427224321976864 0.020551638671356096 0.028962471469058945 0.2475186281801532 0.31107088949258876 0.21712723695493572 0.10981559960817196 0.017963398523334145 0.0 0.0 0.0 0.0 0.0
0.0 0.02833283955081598 0.026175427158735158 0.024360334033596196 0.024728605667926763 0.21059542366656978 0.32408297428929855 0.2283898823223814 0.11655904365145056 0.01677546842489972 0.0
0.0 0.022575910680353025 0.021054536803096494 0.01938873391189954 0.03760214681061696 0.3223443816860247 0.2960416642447915 0.19364500832337744 0.07971339425885991 0.0076342221044959835 0.0
0.0 0.024971274927794666 0.022971214421726855 0.02111253612243056 0.031815857322639175 0.351331478111399 0.31381989104230074 0.23397774680189024
0.0 0.02882232742821926 0.027013534348762667 0.025199595914233847 0.026309675921876684 0.1755679194556731 0.3342113373322773 0.2368144535976464 0.12374676999941321 0.022314384748543886 0.0 0.0 0.0 0.0 0.0 0.0 0.0 0.0 0.0 0.0
0.0 0.026066570609490424 0.0233886037105352 0.021475561404038307 0.021573830676245395 0.2583716809678889 0.31496155560281774 0.2153248200388211 0.1052092610409545 0.013628114752992377 0.0 0.0 0.0 0.0
0.0 0.02643411450093911 0.024406111857345612 0.022516561683236146 0.02491824454038098 0.2317190969730856 0.3051025629044715 0.23394071916782397 0.1136395219625529 0.01732306525250307 0.0 0.0 0.0 0.0 0.0 0.0 0.0 0.0 0.0
0.0 0.025945731570938664 0.02367230276604627 0.021939912092055616 0.03189466827677522 0.25375650848519127 0.313341802631442 0.21687567359722057 0.10065097522944813 0.011922424143538312 0.0 0.0 0.0 0.0 0.0 0.0
0.0 0.024464268927926306 0.022575813136272146 0.021087920193377154 0.023205909378336262 0.3070873197457988 0.28625795163207435 0.21007086113938925 0.08994972113027519 0.015300233598312798 0.0
0.0 0.022130057592759492 0.02081331342434761 0.019167820462006966 0.040664530699399494 0.27203433141483047 0.3074420348982019 0.20904377644095856 0.09378178340066604 0.014922350481244559 0.0 0.0 0.0 0.0 0.0 0.0 0.0 0.0 0.0 0.0
0.0 0.02629831944013302 0.023602826158760193 0.02227708015016995 0.026541946017917435 0.18459190435197165 0.3137393792896403 0.24584506094227176 0.12852269375599606 0.028580788718099936 0.0
0.0 0.02642519568213988 0.0240885080694686 0.02225616707236464 0.02737743643498239 0.23466347662033044 0.3072614335061598 0.23633031675062677 0.10829195148216877 0.013305513210673187 0.0 0.0 0.0 0.0 0.0 0.0
0.0 0.02697528554893073 0.024514974502486454 0.022592005572780367 0.0241407819455372 0.1634625268054192 0.3311906335496406 0.23891774371365354 0.1334094860457298 0.03479656109187922 0.0 0.0 0.0
0.0 0.02313488476188293 0.024344249758853118 0.022165785187190652 0.022944750599170498 0.24691788173428741 0.3216711875689899 0.21603037999242114 0.1061999749866486 0.016590904205162814
0.0 0.026847711537573198 0.024711970990489975 0.023369309035066975 0.022591481954784828 0.30269612920760275 0.306210747437705 0.1988825647226003 0.0900522227434875 0.004637861187439099
0.0 0.028684747297827898 0.026897658107929746 0.025449713435850226 0.024116602622968695 0.1927794867330174 0.3328190350989949 0.23069564363051923 0.12097037117064015 0.01758674065828568 0.0 0.0 0.0 0.0 0.0 0.0 0.0 0.0
