0.0 0.0 0.0 0.0 0.999998212685508 0.0 0.0 0.0 0.0
0.0 0.0 0.0 0.0 0.9999994480013082 0.0 0.0
0.0 0.0 0.0 0.0 0.0 0.0 0.0 0.0 0.0 0.0 0.9999999987845302 0.0 0.0 0.0 0.0
0.0 0.0 0.0 0.0 0.0 0.0 0.0 0.0 0.0 0.0 0.9999999987801047 0.0
0.0 0.0 0.0 0.0 0.9999990331432899
0.0 0.0 0.0 0.0 0.00137039478885401 0.0 0.0 0.0 0.0 0.0 0.998629603987613 0.0
0.0 0.0 0.0 0.0 0.0008553077731728135 0.0 0.0 0.0 0.0 0.0 0.9991446910135542 0.0 0.0 0.0 0.0
0.0 0.0 0.0 0.0 4.416971859039602e-05 0.0 0.0 0.0 0.0 0.0 0.9999558290598232 0.0 0.0 0.0 0.0
0.0 0.0 0.0 0.0 0.0018625473877994052 0.0 0.0 0.0 0.0 0.0 0.9981374514001107 0.0 0.0 0.0 0.0 0.0 0.0 0.0 0.0 0.0 0.0 0.0 0.0 0.0 0.0 0.0 0.0 0.0 0.0 0.0 0.0
0.0 0.0 0.0 0.0 0.0 0.0 0.0 0.0 0.0 0.0 0.9999999987846819 0.0 0.0
0.0 0.0 0.0 0.0 0.9999999987383805 0.0
0.0 0.0 0.0 0.0 0.0009736992196047938 0.0 0.0 0.0 0.0 0.0 0.9990262995602066 0.0 0.0
0.0 0.0 0.0 0.0 0.0 0.0 0.0 0.0 0.0 0.0 0.9999999987599695 0.0 0.0 0.0 0.0 0.0 0.0 0.0 0.0 0.0 0.0 0.0
0.0 0.0 0.0 0.0 0.0 0.0 0.0 0.0 0.0 0.0 0.9999999987814928 0.0 0.0 0.0 0.0 0.0 0.0 0.0 0.0 0.0 0.0 0.0 0.0 0.0 0.0
0.0 0.0 0.0 0.0 0.0 0.0 0.0 0.0 0.0 0.0 0.0 0.0 0.0 0.0 0.0 0.0 0.0 0.0 0.0 0.0
0.0 0.0 0.0 0.0 0.0 0.0 0.0 0.0 0.0 0.0 0.9999999987846694
0.0 0.0 0.0 0.0 0.0 0.0 0.0 0.0 0.0 0.0 0.999999998769643 0.0 0.0 0.0 0.0 0.0 0.0 0.0 0.0 0.0 0.0 0.0 0.0
0.0 0.0 0.0 0.0 0.49819916141154486 0.0 0.0 0.0 0.0 0.0 0.5018008379713144 0.0 0.0 0.0 0.0 0.0 0.0 0.0 0.0 0.0 0.0 0.0 0.0 0.0 0.0 0.0 0.0 0.0 0.0 0.0 0.0 0.0 0.0 0.0 0.0 0.0 0.0 0.0
0.0 0.0 0.0 0.0 0.0011504835759414873 0.0 0.0 0.0 0.0 0.0 0.998849515200565 0.0 0.0
0.0 0.0 0.0 0.0 0.0 0.0 0.0 0.0 0.0 0.0 0.0 0.0 0.0 0.0 0.0 0.0
0.0 0.0 0.0 0.0 0.00015816079692731718 0.0 0.0 0.0 0.0 0.0 0.9998418379744949 0.0
0.0 0.0 0.0 0.0 0.0 0.0 0.0 0.0 0.0
0.0 0.0 0.0 0.0 0.0006064035765384255 0.0 0.0 0.0 0.0 0.0 0.9993935951947184 0.0 0.0 0.0 0.0 0.0
0.0 0.0 0.0 0.0 0.49136841168813433 0.0 0.0 0.0 0.0 0.0 0.5086315876497816 0.0 0.0 0.0 0.0 0.0 0.0 0.0 0.0 0.0
0.0 0.0 0.0 0.0 0.9999944146076429
0.0 0.0 0.0 0.0 0.9999830289624851 0.0 0.0
0.0 0.0 0.0 0.0 0.0 0.0 0.0 0.0 0.0 0.0 0.0 0.0 0.0 0.0 0.0 0.0 0.0 0.0 0.0 0.0 0.0 0.0 0.0 0.0 0.0
0.0 0.0 0.0 0.0 0.0017331918597612793 0.0 0.0 0.0 0.0 0.0 0.9982668069027858 0.0 0.0 0.0 0.0 0.0 0.0 0.0 0.0
0.0 0.0 0.0 0.0 0.0006296951120157176 0.0 0.0 0.0 0.0 0.0 0.9993703036748904 0.0 0.0 0.0 0.0 0.0
0.0 0.0 0.0 0.0 0.0015242329512833786 0.0 0.0 0.0 0.0 0.0 0.9984757658309587 0.0 0.0 0.0 0.0
0.0 0.0 0.0 0.0 0.0 0.0 0.0 0.0 0.0 0.0 0.9999999987608462 0.0 0.0 0.0 0.0 0.0 0.0 0.0 0.0 0.0 0.0 0.0 0.0 0.0 0.0 0.0 0.0 0.0
0.0 0.0 0.0 0.0 0.4912550894452313 0.0 0.0 0.0 0.0 0.0 0.5087449099322656 0.0 0.0 0.0 0.0 0.0 0.0 0.0 0.0 0.0 0.0
0.0 0.0 0.0 0.0 0.4738681050279819 0.0 0.0 0.0 0.0 0.0 0.526131894330455 0.0 0.0
0.0 0.0 0.0 0.0 0.0 0.0 0.0 0.0 0.0 0.0 0.9999999987734698 0.0 0.0 0.0 0.0 0.0 0.0 0.0 0.0 0.0 0.0 0.0 0.0 0.0 0.0 0.0
0.0 0.0 0.0 0.0 0.9999999987297686 0.0
0.0 0.0 0.0 0.0 0.9999964037071537 0.0
0.0 0.0 0.0 0.0 0.0 0.0 0.0 0.0 0.0 0.0 0.999999998777173 0.0 0.0 0.0 0.0 0.0 0.0 0.0 0.0
0.0 0.0 0.0 0.0 0.49274315309084343 0.0 0.0 0.0 0.0 0.0 0.5072568462876755 0.0 0.0 0.0 0.0 0.0 0.0
0.0 0.0 0.0 0.0 0.00015385252049201614 0.0 0.0 0.0 0.0 0.0 0.9998461462537498 0.0 0.0 0.0
0.0 0.0 0.0 0.0 0.0 0.0 0.0 0.0 0.0 0.0 0.9999999987720428 0.0 0.0 0.0 0.0 0.0 0.0 0.0 0.0 0.0 0.0 0.0 0.0 0.0 0.0 0.0 0.0 0.0 0.0 0.0 0.0 0.0 0.0 0.0 0.0 0.0 0.0 0.0 0.0 0.0 0.0 0.0
0.0 0.0 0.0 0.0 0.0003915181658973316 0.0 0.0 0.0 0.0 0.0 0.9996084806136157 0.0 0.0 0.0
0.0 0.0 0.0 0.0 0.0 0.0 0.0 0.0 0.0 0.0 0.9999999987823157 0.0
0.0 0.0 0.0 0.0 0.00045428107274128685 0.0 0.0 0.0 0.0 0.0 0.999545717699619
0.0 0.0 0.0 0.0 0.0 0.0 0.0 0.0 0.0 0.0 0.9999999987792606 0.0 0.0 0.0
0.0 0.0 0.0 0.0 0.00030509323348008654 0.0 0.0 0.0 0.0 0.0 0.9996949055515266 0.0 0.0 0.0 0.0 0.0 0.0 0.0 0.0 0.0 0.0 0.0 0.0 0.0 0.0 0.0 0.0 0.0 0.0 0.0 0.0 0.0 0.0 0.0 0.0 0.0 0.0
0.0 0.0 0.0 0.0 0.9999993415604261 0.0 0.0
0.0 0.0 0.0 0.0
0.0 0.0 0.0 0.0 0.001767626997314179 0.0 0.0 0.0 0.0 0.0 0.9982323717801829 0.0
0.0 0.0 0.0 0.0 0.0 0.0 0.0
0.0 0.0 0.0 0.0 0.9999999987388344
0.0 0.0 0.0 0.0 0.00024658168106027025 0.0 0.0 0.0 0.0 0.0 0.9997534170992739 0.0
0.0 0.0 0.0 0.0 0.001500802699886881 0.0 0.0 0.0 0.0 0.0 0.9984991960824833 0.0 0.0 0.0 0.0 0.0 0.0 0.0 0.0 0.0 0.0 0.0 0.0 0.0 0.0 0.0 0.0 0.0 0.0 0.0 0.0 0.0 0.0 0.0 0.0 0.0 0.0 0.0 0.0 0.0 0.0 0.0 0.0 0.0 0.0 0.0 0.0
0.0 0.0 0.0 0.0 0.0003941207094346968 0.0 0.0 0.0 0.0 0.0 0.9996058780613801 0.0 0.0 0.0 0.0 0.0 0.0 0.0 0.0 0.0 0.0
0.0 0.0 0.0 0.0 0.0 0.0 0.0 0.0 0.0 0.0 0.999999998782048 0.0 0.0
0.0 0.0 0.0 0.0 0.0 0.0 0.0 0.0 0.0 0.0 0.9999999987816302 0.0
0.0 0.0 0.0 0.0 0.00017877303494573095 0.0 0.0 0.0 0.0 0.0 0.9998212257418431 0.0 0.0 0.0 0.0 0.0 0.0 0.0 0.0 0.0 0.0 0.0 0.0 0.0 0.0 0.0 0.0 0.0 0.0
0.0 0.0 0.0 0.0 0.4869490398059202 0.0 0.0 0.0 0.0 0.0 0.5130509595053288 0.0 0.0 0.0
0.0 0.0 0.0 0.0 0.0 0.0 0.0 0.0 0.0 0.0 0.0 0.0 0.0 0.0 0.0 0.0
0.0 0.0 0.0 0.0 0.0008664015967795429 0.0 0.0 0.0 0.0 0.0 0.999133597185134 0.0
0.0 0.0 0.0 0.0 0.4405817414307763 0.0 0.0 0.0 0.0 0.0 0.559418257888602 0.0 0.0 0.0 0.0 0.0 0.0 0.0 0.0 0.0 0.0 0.0 0.0 0.0
0.0 0.0 0.0 0.0 0.0 0.0 0.0 0.0 0.0 0.0 0.9999999987744207 0.0 0.0 0.0 0.0 0.0 0.0 0.0 0.0
0.0 0.0 0.0 0.0 0.0 0.0 0.0 0.0
0.0 0.0 0.0 0.0 0.0 0.0 0.0 0.0 0.0 0.0 0.0 0.0 0.0 0.0 0.0 0.0 0.0 0.0
0.0 0.0 0.0 0.0 0.12385554679591017 0.0 0.0 0.0 0.0 0.0 0.876144452135856
0.0 0.0 0.0 0.0 0.9999999986403917
0.0 0.0 0.0 0.0 0.0 0.0 0.0 0.0 0.0 0.0 0.0 0.0 0.0 0.0 0.0 0.0 0.0 0.0 0.0 0.0 0.0 0.0 0.0 0.0 0.0 0.0 0.0
0.0 0.0 0.0 0.0 0.0 0.0 0.0 0.0 0.0 0.0 0.9999999987836643 0.0 0.0 0.0 0.0
0.0 0.0 0.0 0.0 0.002584390060749044 0.0 0.0 0.0 0.0 0.0 0.9974156087003111 0.0 0.0 0.0 0.0
0.0 0.0 0.0 0.0 0.9999999987552174 0.0 0.0 0.0
0.0 0.0 0.0 0.0 0.4537065341840673 0.0 0.0 0.0 0.0 0.0 0.546293465153416 0.0 0.0
0.0 0.0 0.0 0.0 0.9999999987863752 0.0 0.0 0.0 0.0
0.0 0.0 0.0 0.0 0.0 0.0 0.0 0.0 0.0 0.0 0.9999999987842788 0.0 0.0 0.0 0.0 0.0 0.0 0.0
0.0 0.0 0.0 0.0 0.0 0.0 0.0
0.0 0.0 0.0 0.0 0.9999987643440956 0.0
0.0 0.0 0.0 0.0 0.4125364221586888 0.0 0.0 0.0 0.0 0.0 0.5874635771239275 0.0 0.0 0.0 0.0 0.0 0.0 0.0 0.0 0.0 0.0 0.0 0.0
0.0 0.0 0.0 0.0 0.0 0.0 0.0 0.0
0.0 0.0 0.0 0.0 0.0 0.0 0.0 0.0 0.0 0.0 0.9999999987789926 0.0 0.0 0.0 0.0 0.0 0.0
0.0 0.0 0.0 0.0 0.0 0.0 0.0 0.0 0.0 0.0 0.9999999987803199 0.0 0.0 0.0 0.0 0.0 0.0 0.0 0.0
0.0 0.0 0.0 0.0 0.9999995297060353 0.0 0.0 0.0 0.0
0.0 0.0 0.0 0.0 0.9999999983516329 0.0 0.0 0.0 0.0
0.0 0.0 0.0 0.0 0.3878504779769183 0.0 0.0 0.0 0.0 0.0 0.612149521279575 0.0 0.0 0.0 0.0 0.0 0.0 0.0 0.0 0.0 0.0 0.0 0.0 0.0 0.0 0.0 0.0 0.0 0.0 0.0 0.0 0.0 0.0 0.0 0.0 0.0 0.0 0.0 0.0 0.0 0.0 0.0
0.0 0.0 0.0 0.0 0.0 0.0 0.0 0.0 0.0 0.0 0.999999998781933 0.0 0.0 0.0 0.0 0.0 0.0
0.0 0.0 0.0 0.0 0.0 0.0 0.0 0.0 0.0 0.0 0.999999998779097 0.0 0.0 0.0
0.0 0.0 0.0 0.0 0.00035547329267801564 0.0 0.0 0.0 0.0 0.0 0.9996445254861439 0.0 0.0 0.0 0.0 0.0 0.0 0.0 0.0 0.0 0.0 0.0
0.0 0.0 0.0 0.0 0.0 0.0 0.0 0.0 0.0 0.0 0.9999999987714346 0.0 0.0 0.0 0.0 0.0 0.0 0.0 0.0 0.0 0.0 0.0 0.0 0.0 0.0 0.0 0.0
0.0 0.0 0.0 0.0 4.504302096306061e-05 0.0 0.0 0.0 0.0 0.0 0.999954955752879 0.0 0.0 0.0
0.0 0.0 0.0 0.0 0.9999999987187029 0.0 0.0 0.0 0.0 0.0 0.0 0.0 0.0 0.0 0.0 0.0 0.0 0.0
0.0 0.0 0.0 0.0 0.0 0.0 0.0 0.0 0.0 0.0 0.999999998778825 0.0 0.0 0.0 0.0
0.0 0.0 0.0 0.0 0.0 0.0 0.0 0.0 0.0 0.0 0.9999999987695704 0.0 0.0 0.0
0.0 0.0 0.0 0.0 0.0002151938435276564 0.0 0.0 0.0 0.0 0.0 0.9997848049302857 0.0
0.0 0.0 0.0 0.0 0.0 0.0 0.0
0.0 0.0 0.0 0.0 0.0004948758778377413 0.0 0.0 0.0 0.0 0.0 0.9995051228932795 0.0 0.0 0.0 0.0 0.0 0.0 0.0 0.0 0.0
0.0 0.0 0.0 0.0 0.999999998668532
0.0 0.0 0.0 0.0 0.00032135079936142696 0.0 0.0 0.0 0.0 0.0 0.9996786479774813
0.0 0.0 0.0 0.0 0.0 0.0
0.0 0.0 0.0 0.0 0.9999999987127083 0.0 0.0 0.0 0.0 0.0 0.0 0.0 0.0 0.0 0.0 0.0 0.0 0.0 0.0 0.0 0.0 0.0 0.0 0.0
0.0 0.0 0.0 0.0 0.0 0.0 0.0 0.0
0.0 0.0 0.0 0.0 0.9999969651255926 0.0 0.0
0.0 0.0 0.0 0.0 0.0 0.0 0.0 0.0 0.0 0.0 0.9999999987757578 0.0 0.0 0.0 0.0 0.0 0.0 0.0
0.0 0.0 0.0 0.0 0.0 0.0 0.0
0.0 0.0 0.0 0.0 0.0009615091347961456 0.0 0.0 0.0 0.0 0.0 0.9990384896430957 0.0 0.0
0.0 0.0 0.0 0.0 0.0 0.0 0.0 0.0 0.0 0.0 0.9999999987719714 0.0 0.0
0.0 0.0 0.0 0.0 0.0006207273851537499 0.0 0.0 0.0 0.0 0.0 0.9993792713934059 0.0 0.0 0.0 0.0 0.0 0.0 0.0 0.0 0.0 0.0 0.0 0.0 0.0 0.0 0.0 0.0 0.0 0.0 0.0 0.0 0.0
0.0 0.0 0.0 0.0 0.0 0.0 0.0 0.0 0.0 0.0 0.9999999987853451 0.0 0.0 0.0
0.0 0.0 0.0 0.0 0.9999999987672918
0.0 0.0 0.0 0.0 0.0 0.0 0.0 0.0 0.0 0.0 0.9999999987720999 0.0 0.0
0.0 0.0 0.0 0.0 0.0 0.0 0.0 0.0 0.0 0.0 0.9999999987816351 0.0 0.0 0.0 0.0 0.0 0.0 0.0
0.0 0.0 0.0 0.0 0.0008689909545979001 0.0 0.0 0.0 0.0 0.0 0.9991310078199591 0.0 0.0 0.0
0.0 0.0 0.0 0.0 0.0 0.0 0.0 0.0 0.0 0.0 0.9999999987788748 0.0 0.0 0.0 0.0 0.0 0.0 0.0 0.0 0.0 0.0
0.0 0.0 0.0 0.0 0.9999999987621319 0.0 0.0 0.0 0.0 0.0 0.0
0.0 0.0 0.0 0.0 0.0 0.0 0.0 0.0 0.0 0.0 0.0 0.0 0.0 0.0 0.0 0.0 0.0 0.0 0.0 0.0 0.0 0.0 0.0 0.0 0.0 0.0 0.0 0.0 0.0 0.0 0.0 0.0 0.0 0.0 0.0 0.0 0.0 0.0 0.0 0.0 0.0 0.0 0.0 0.0 0.0 0.0 0.0 0.0 0.0 0.0 0.0
0.0 0.0 0.0 0.0 0.0015370779765990703 0.0 0.0 0.0 0.0 0.0 0.9984629208119767
0.0 0.0 0.0 0.0 0.0 0.0 0.0 0.0 0.0 0.0 0.999999998775435 0.0 0.0 0.0 0.0 0.0 0.0
0.0 0.0 0.0 0.0 0.0 0.0 0.0 0.0 0.0 0.0 0.9999999987843522 0.0
0.0 0.0 0.0 0.0 0.9999936050662434 0.0 0.0 0.0 0.0
0.0 0.0 0.0 0.0 0.0008384962966769804 0.0 0.0 0.0 0.0 0.0 0.9991615024825783 0.0 0.0 0.0
0.0 0.0 0.0 0.0 0.0 0.0 0.0 0.0
0.0 0.0 0.0 0.0 0.0 0.0
0.0 0.0 0.0 0.0 0.0 0.0 0.0 0.0 0.0 0.0 0.0 0.0 0.0 0.0 0.0 0.0 0.0 0.0
0.0 0.0 0.0 0.0 0.0018607679785778617 0.0 0.0 0.0 0.0 0.0 0.9981392308063929 0.0 0.0 0.0 0.0
0.0 0.0 0.0 0.0 0.9999999987714454 0.0 0.0 0.0 0.0 0.0 0.0 0.0 0.0 0.0 0.0 0.0 0.0 0.0 0.0 0.0
0.0 0.0 0.0 0.0 0.0 0.0 0.0 0.0 0.0 0.0 0.9999999987624469 0.0 0.0 0.0 0.0 0.0 0.0 0.0 0.0 0.0 0.0 0.0 0.0
0.0 0.0 0.0 0.0 0.4899850899886344 0.0 0.0 0.0 0.0 0.0 0.5100149093881883 0.0 0.0 0.0 0.0 0.0 0.0 0.0 0.0 0.0 0.0 0.0 0.0 0.0 0.0 0.0 0.0 0.0 0.0 0.0 0.0 0.0 0.0 0.0 0.0 0.0
0.0 0.0 0.0 0.0 0.0 0.0 0.0 0.0 0.0 0.0 0.9999999987715052 0.0 0.0 0.0 0.0 0.0 0.0 0.0 0.0 0.0 0.0 0.0 0.0 0.0 0.0 0.0 0.0 0.0
0.0 0.0 0.0 0.0 5.6537742267684896e-05 0.0 0.0 0.0 0.0 0.0 0.9999434610332096 0.0 0.0 0.0 0.0 0.0 0.0 0.0 0.0 0.0 0.0 0.0 0.0 0.0 0.0 0.0 0.0 0.0 0.0 0.0 0.0 0.0 0.0 0.0 0.0 0.0 0.0 0.0 0.0 0.0 0.0
0.0 0.0 0.0 0.0 0.9999999986402153 0.0 0.0 0.0 0.0
0.0 0.0 0.0 0.0
0.0 0.0 0.0 0.0 0.9999999987555951 0.0 0.0
0.0 0.0 0.0 0.0 0.000159367311576443 0.0 0.0 0.0 0.0 0.0 0.9998406314596828 0.0 0.0 0.0 0.0
0.0 0.0 0.0 0.0 0.46974005103059446 0.0 0.0 0.0 0.0 0.0 0.5302599483175761 0.0 0.0
0.0 0.0 0.0 0.0 0.0 0.0 0.0 0.0 0.0 0.0 0.9999999987765161 0.0 0.0 0.0
0.0 0.0 0.0 0.0 0.4820678038117759 0.0 0.0 0.0 0.0 0.0 0.5179321955570896 0.0 0.0 0.0
0.0 0.0 0.0 0.0 0.0012863801550730804 0.0 0.0 0.0 0.0 0.0 0.9987136186299834
0.0 0.0 0.0 0.0 0.9999991140050098 0.0 0.0 0.0
0.0 0.0 0.0 0.0 0.002654098765611608 0.0 0.0 0.0 0.0 0.0 0.9973459000051417 0.0 0.0 0.0
0.0 0.0 0.0 0.0 0.0003362443909200625 0.0 0.0 0.0 0.0 0.0 0.9996637543744693
0.0 0.0 0.0 0.0 4.376258829342622e-05 0.0 0.0 0.0 0.0 0.0 0.9999562361998817
0.0 0.0 0.0 0.0 0.0 0.0 0.0 0.0 0.0 0.0 0.9999999987742157 0.0 0.0 0.0 0.0 0.0 0.0 0.0 0.0 0.0 0.0 0.0 0.0 0.0 0.0 0.0 0.0 0.0 0.0 0.0 0.0 0.0 0.0 0.0 0.0
0.0 0.0 0.0 0.0 0.0010333579876724286 0.0 0.0 0.0 0.0 0.0 0.998966640794808 0.0 0.0 0.0 0.0 0.0 0.0 0.0 0.0 0.0 0.0
0.0 0.0 0.0 0.0 0.0026442820762145893 0.0 0.0 0.0 0.0 0.0 0.9973557166783447 0.0 0.0 0.0 0.0 0.0 0.0 0.0 0.0
0.0 0.0 0.0 0.0 0.0 0.0 0.0 0.0 0.0 0.0 0.9999999987794825 0.0 0.0 0.0 0.0 0.0 0.0 0.0 0.0 0.0 0.0 0.0
0.0 0.0 0.0 0.0 0.01830642364083127 0.0 0.0 0.0 0.0 0.0 0.9816935751671282 0.0 0.0 0.0 0.0 0.0 0.0 0.0 0.0 0.0 0.0 0.0 0.0 0.0 0.0 0.0 0.0
0.0 0.0 0.0 0.0 0.0 0.0 0.0 0.0 0.0 0.0 0.9999999987656927 0.0 0.0 0.0
0.0 0.0 0.0 0.0 0.9999999986296835 0.0 0.0 0.0 0.0 0.0 0.0 0.0 0.0 0.0 0.0 0.0 0.0 0.0 0.0
0.0 0.0 0.0 0.0 0.002562697319544507 0.0 0.0 0.0 0.0 0.0 0.9974373014493514 0.0 0.0 0.0 0.0 0.0 0.0 0.0 0.0 0.0 0.0 0.0 0.0 0.0 0.0 0.0 0.0 0.0 0.0 0.0
0.0 0.0 0.0 0.0 0.10564889851070568 0.0 0.0 0.0 0.0 0.0 0.8943511004059967 0.0 0.0 0.0 0.0 0.0 0.0 0.0 0.0 0.0 0.0 0.0 0.0 0.0 0.0 0.0 0.0
0.0 0.0 0.0 0.0 0.0007500953448908083 0.0 0.0 0.0 0.0 0.0 0.9992499034385973 0.0 0.0
0.0 0.0 0.0 0.0 0.0 0.0 0.0 0.0 0.0 0.0 0.9999999987797923
0.0 0.0 0.0 0.0 0.0012295953037288854 0.0 0.0 0.0 0.0 0.0 0.998770403475853 0.0 0.0 0.0 0.0 0.0 0.0 0.0 0.0 0.0 0.0 0.0 0.0 0.0 0.0 0.0 0.0 0.0 0.0 0.0 0.0 0.0 0.0
0.0 0.0 0.0 0.0 0.10003535697902262 0.0 0.0 0.0 0.0 0.0 0.8999646419305232 0.0 0.0
0.0 0.0 0.0 0.0 0.9999974422604153 0.0 0.0
0.0 0.0 0.0 0.0 0.0011171643366329016 0.0 0.0 0.0 0.0 0.0 0.998882834447859 0.0 0.0
0.0 0.0 0.0 0.0 0.0 0.0 0.0 0.0 0.0 0.0 0.9999999987775468 0.0 0.0 0.0 0.0 0.0 0.0 0.0 0.0 0.0 0.0
0.0 0.0 0.0 0.0 0.9999994741470416 0.0 0.0
0.0 0.0 0.0 0.0 0.0 0.0 0.0 0.0 0.0 0.0 0.9999999987801707 0.0 0.0 0.0 0.0 0.0
0.0 0.0 0.0 0.0 0.0 0.0 0.0
0.0 0.0 0.0 0.0 0.9999987765537075 0.0 0.0
0.0 0.0 0.0 0.0 0.0 0.0
0.0 0.0 0.0 0.0 0.0 0.0 0.0 0.0 0.0 0.0 0.0 0.0 0.0 0.0 0.0 0.0 0.0 0.0 0.0
0.0 0.0 0.0 0.0 1.4368472129440768e-05 0.0 0.0 0.0 0.0 0.0 0.9999856303026459 0.0 0.0 0.0
0.0 0.0 0.0 0.0 0.002647810273756278 0.0 0.0 0.0 0.0 0.0 0.9973521885013424 0.0 0.0 0.0 0.0 0.0 0.0 0.0 0.0 0.0 0.0 0.0 0.0 0.0 0.0 0.0 0.0 0.0 0.0
0.0 0.0 0.0 0.0 0.0 0.0 0.0 0.0 0.0 0.0 0.9999999987841871 0.0 0.0 0.0 0.0 0.0 0.0 0.0 0.0 0.0 0.0 0.0 0.0
0.0 0.0 0.0 0.0 0.9999999987834175 0.0 0.0 0.0 0.0
0.0 0.0 0.0 0.0 0.0 0.0 0.0 0.0 0.0 0.0 0.9999999987849567 0.0
0.0 0.0 0.0 0.0 0.0 0.0 0.0 0.0 0.0 0.0 0.9999999987859844
0.0 0.0 0.0 0.0 0.0 0.0 0.0 0.0 0.0 0.0 0.9999999987810912 0.0 0.0 0.0 0.0 0.0 0.0 0.0 0.0 0.0 0.0 0.0 0.0
0.0 0.0 0.0 0.0 0.9999999987526775
0.0 0.0 0.0 0.0 0.00023492621627774207 0.0 0.0 0.0 0.0 0.0 0.9997650725586839 0.0 0.0 0.0 0.0
0.0 0.0 0.0 0.0 0.00047360447208408946 0.0 0.0 0.0 0.0 0.0 0.9995263942890277 0.0 0.0 0.0 0.0 0.0 0.0 0.0 0.0 0.0 0.0 0.0 0.0 0.0 0.0 0.0 0.0 0.0 0.0 0.0 0.0 0.0
0.0 0.0 0.0 0.0
0.0 0.0 0.0 0.0 0.0008530756508019394 0.0 0.0 0.0 0.0 0.0 0.9991469231243075 0.0 0.0 0.0 0.0 0.0 0.0 0.0 0.0 0.0 0.0 0.0 0.0 0.0 0.0
0.0 0.0 0.0 0.0 0.0 0.0 0.0
0.0 0.0 0.0 0.0 0.0 0.0 0.0 0.0 0.0 0.0 0.9999999987863637 0.0 0.0 0.0 0.0 0.0 0.0
0.0 0.0 0.0 0.0 0.4650428356872985 0.0 0.0 0.0 0.0 0.0 0.5349571636598678 0.0 0.0 0.0 0.0 0.0 0.0
0.0 0.0 0.0 0.0 0.0 0.0 0.0 0.0 0.0 0.0 0.9999999987767703 0.0 0.0 0.0 0.0 0.0 0.0 0.0 0.0 0.0
0.0 0.0 0.0 0.0 0.0021372886372648635 0.0 0.0 0.0 0.0 0.0 0.9978627101354786 0.0 0.0 0.0 0.0
0.0 0.0 0.0 0.0 0.0 0.0 0.0 0.0 0.0 0.0 0.9999999987684954
0.0 0.0 0.0 0.0 0.9999999987753306 0.0 0.0 0.0 0.0
0.0 0.0 0.0 0.0 0.002677939188906372 0.0 0.0 0.0 0.0 0.0 0.9973220595818341 0.0 0.0
0.0 0.0 0.0 0.0 0.02615133633688347 0.0 0.0 0.0 0.0 0.0 0.9738486624828542 0.0 0.0 0.0 0.0 0.0 0.0 0.0 0.0 0.0 0.0 0.0
0.0 0.0 0.0 0.0 0.001611178119582259 0.0 0.0 0.0 0.0 0.0 0.9983888206632092 0.0 0.0 0.0 0.0 0.0 0.0
0.0 0.0 0.0 0.0 0.0 0.0 0.0 0.0 0.0 0.0 0.9999999987689024 0.0 0.0 0.0
0.0 0.0 0.0 0.0 0.0 0.0 0.0 0.0 0.0 0.0 0.9999999987826758 0.0 0.0 0.0 0.0 0.0 0.0 0.0 0.0 0.0 0.0 0.0 0.0 0.0 0.0 0.0 0.0 0.0 0.0 0.0 0.0 0.0 0.0 0.0 0.0 0.0 0.0 0.0 0.0 0.0 0.0 0.0 0.0 0.0 0.0 0.0 0.0 0.0 0.0 0.0 0.0 0.0 0.0 0.0 0.0 0.0 0.0
0.0 0.0 0.0 0.0 0.0 0.0 0.0 0.0 0.0 0.0 0.9999999987809333
0.0 0.0 0.0
0.0 0.0 0.0 0.0 0.0021442244649053344 0.0 0.0 0.0 0.0 0.0 0.9978557743160567 0.0 0.0
0.0 0.0 0.0 0.0 0.0 0.0 0.0 0.0 0.0 0.0 0.0 0.0 0.0 0.0 0.0 0.0
0.0 0.0 0.0 0.0 0.03036973195543336 0.0 0.0 0.0 0.0 0.0 0.9696302668680258 0.0 0.0 0.0 0.0 0.0 0.0 0.0 0.0 0.0 0.0
0.0 0.0 0.0 0.0 0.0
0.0 0.0 0.0 0.0 0.00014255853609451455 0.0 0.0 0.0 0.0 0.0 0.9998574402431653 0.0
0.0 0.0 0.0 0.0 0.0 0.0 0.0 0.0 0.0
0.0 0.0 0.0 0.0 0.0 0.0 0.0
0.0 0.0 0.0 0.0 0.0019447647392992656 0.0 0.0 0.0 0.0 0.0 0.9980552340479146 0.0 0.0 0.0
0.0 0.0 0.0 0.0 0.0005205599760209748 0.0 0.0 0.0 0.0 0.0 0.9994794387845407 0.0 0.0 0.0 0.0 0.0
0.0 0.0 0.0 0.0 0.0012859810209054046 0.0 0.0 0.0 0.0 0.0 0.9987140177621431 0.0 0.0 0.0
0.0 0.0 0.0 0.0 0.0 0.0
0.0 0.0 0.0 0.0 0.0 0.0 0.0 0.0 0.0 0.0 0.999999998784801 0.0 0.0 0.0 0.0 0.0 0.0 0.0 0.0 0.0 0.0
0.0 0.0 0.0 0.0 0.0 0.0 0.0
0.0 0.0 0.0 0.0 0.0 0.0 0.0 0.0 0.0 0.0 0.9999999987716012 0.0 0.0 0.0 0.0 0.0 0.0 0.0 0.0 0.0 0.0 0.0 0.0 0.0 0.0
0.0 0.0 0.0 0.0 0.9999984150688709 0.0 0.0
0.0 0.0 0.0 0.0 0.0 0.0 0.0 0.0 0.0 0.0 0.9999999987785186 0.0 0.0 0.0 0.0 0.0 0.0 0.0 0.0 0.0 0.0 0.0 0.0 0.0 0.0 0.0 0.0 0.0 0.0 0.0 0.0 0.0 0.0 0.0
0.0 0.0 0.0 0.0 0.0 0.0
0.0 0.0 0.0 0.0 0.0 0.0
0.0 0.0 0.0 0.0 0.00028931631888663186 0.0 0.0 0.0 0.0 0.0 0.9997106824558202 0.0 0.0 0.0
0.0 0.0 0.0 0.0 0.9999999987827636 0.0
0.0 0.0 0.0 0.0 0.9999999983037852 0.0 0.0 0.0 0.0 0.0 0.0 0.0 0.0 0.0 0.0 0.0 0.0 0.0 0.0
0.0 0.0 0.0 0.0 0.9999951252288629
0.0 0.0 0.0 0.0 0.0037676406130122244 0.0 0.0 0.0 0.0 0.0 0.9962323581792887 0.0 0.0 0.0 0.0
0.0 0.0 0.0 0.0 0.0 0.0 0.0 0.0 0.0 0.0 0.9999999987735705
0.0 0.0 0.0 0.0 0.0 0.0 0.0 0.0 0.0 0.0 0.99999999877396 0.0 0.0 0.0 0.0 0.0 0.0 0.0
0.0 0.0 0.0 0.0 0.0 0.0 0.0 0.0 0.0 0.0 0.9999999987773295 0.0 0.0 0.0 0.0 0.0 0.0 0.0 0.0 0.0 0.0 0.0 0.0 0.0 0.0 0.0 0.0 0.0 0.0 0.0 0.0 0.0 0.0 0.0 0.0
0.0 0.0 0.0 0.0 0.0011474872884988648 0.0 0.0 0.0 0.0 0.0 0.9988525114844271
0.0 0.0 0.0 0.0 0.0012987404644729979 0.0 0.0 0.0 0.0 0.0 0.9987012583208673 0.0 0.0 0.0 0.0 0.0 0.0 0.0 0.0 0.0 0.0 0.0 0.0 0.0 0.0
0.0 0.0 0.0 0.0 0.00028515315820411296 0.0 0.0 0.0 0.0 0.0 0.9997148455991384 0.0
0.0 0.0 0.000549162091973208 0.0 0.09469575648646197 0.0 0.0 0.0 0.0 0.0 0.9047550803255783 0.0 0.0
0.0 0.0 0.0 0.0 0.9688855596765328 0.0 0.0 0.0 0.0 0.0 0.031114439114591934
0.0 0.0 0.0 0.0 0.0
0.0 0.0 0.0 0.0 0.0 0.0 0.0 0.0 0.0 0.0 0.9999999987730727 0.0 0.0 0.0
0.0 0.0 0.0 0.0 0.0008283720753324011 0.0 0.0 0.0 0.0 0.0 0.9991716267003085 0.0 0.0 0.0 0.0 0.0 0.0 0.0 0.0 0.0 0.0 0.0 0.0 0.0 0.0 0.0
0.0 0.0 0.0 0.0 0.4933419330867818 0.0 0.0 0.0 0.0 0.0 0.5066580662942524 0.0 0.0 0.0 0.0 0.0 0.0
0.0 0.0 0.0 0.0 0.0 0.0 0.0 0.0 0.0 0.0 0.9999999987817991 0.0 0.0
0.0 0.0 0.0 0.0 0.9999999987461448
0.0 0.0 0.0 0.0 0.9999999987507643 0.0
0.0 0.0 0.0 0.0 0.00034446529288321607 0.0 0.0 0.0 0.0 0.0 0.9996555334850954 0.0 0.0 0.0 0.0 0.0 0.0 0.0 0.0 0.0 0.0 0.0 0.0 0.0 0.0 0.0 0.0 0.0 0.0 0.0 0.0 0.0 0.0 0.0
0.0 0.0 0.0 0.0 0.9999999987842358 0.0 0.0 0.0
0.0 0.0 0.0 0.0 0.9999999987518347 0.0 0.0 0.0 0.0 0.0 0.0 0.0 0.0 0.0 0.0 0.0 0.0 0.0
0.0 0.0 0.0 0.0 0.0 0.0 0.0
0.0 0.0 0.0 0.0 0.0 0.0 0.0 0.0 0.0 0.0 0.9999999987780739 0.0
0.0 0.0 0.0 0.0 0.4442695938765167 0.0 0.0 0.0 0.0 0.0 0.5557304054444322 0.0 0.0 0.0
0.0 0.0 0.0 0.0 0.0 0.0 0.0 0.0 0.0 0.0 0.9999999987718319 0.0 0.0 0.0
0.0 0.0 0.0 0.0 0.0625907712267338 0.0 0.0 0.0 0.0 0.0 0.9374092276376157 0.0 0.0 0.0 0.0 0.0 0.0 0.0 0.0 0.0 0.0 0.0 0.0 0.0 0.0 0.0
0.0 0.0 0.0 0.0 0.0024369785357670707 0.0 0.0 0.0 0.0 0.0 0.9975630202493464
0.0 0.0 0.0 0.0 0.999999998786412 0.0
0.0 0.0 0.0
0.0 0.0 0.0 0.0
0.0 0.0 0.0 0.0 0.0
0.0 0.0 0.0 0.0 0.0018191708033343755 0.0 0.0 0.0 0.0 0.0 0.9981808279807773 0.0
0.0 0.0 0.0 0.0 0.3842493380035356 0.0 0.0 0.0 0.0 0.0 0.6157506612505487 0.0 0.0 0.0 0.0
0.0 0.0 0.0 0.0 0.01939206876471045 0.0 0.0 0.0 0.0 0.0 0.9806079300443208
0.0 0.0 0.0 0.0 0.44545679892644324 0.0 0.0 0.0 0.0 0.0 0.5545432004005273 0.0 0.0 0.0 0.0 0.0 0.0 0.0 0.0 0.0 0.0 0.0 0.0
0.0 0.0 0.0 0.0 0.9999991960031863 0.0 0.0
0.0 0.0 0.0 0.0 0.0 0.0 0.0
0.0 0.0 0.0 0.0 0.0010157170728171832 0.0 0.0 0.0 0.0 0.0 0.9989842817035788 0.0 0.0
0.0 0.0 0.0 0.0 0.00025967005838137773 0.0 0.0 0.0 0.0 0.0 0.999740328725175 0.0
0.0 0.0 0.0 0.0 0.0 0.0 0.0 0.0 0.0 0.0 0.9999999987658974 0.0 0.0 0.0 0.0 0.0 0.0
0.0 0.0 0.0 0.0 0.9999999987611842 0.0 0.0 0.0 0.0 0.0 0.0 0.0 0.0
0.0 0.0 0.0 0.0 0.9999999987868582 0.0 0.0 0.0 0.0 0.0 0.0
0.0 0.0 0.0 0.0 0.0 0.0 0.0 0.0 0.0 0.0 0.9999999987793715 0.0 0.0 0.0 0.0 0.0 0.0 0.0 0.0 0.0 0.0 0.0
0.0 0.0 0.0 0.0 0.0 0.0 0.0 0.0 0.0 0.0 0.9999999987704825 0.0 0.0 0.0 0.0 0.0 0.0 0.0 0.0 0.0
0.0 0.0 0.0 0.0 0.0 0.0 0.0 0.0 0.0 0.0 0.9999999987841817 0.0
0.0 0.0 0.0 0.0 0.0 0.0 0.0 0.0 0.0 0.0 0.9999999987740511 0.0 0.0 0.0 0.0 0.0 0.0 0.0
0.0 0.0 0.0 0.0 0.0 0.0 0.0 0.0 0.0 0.0 0.9999999987748367 0.0 0.0 0.0 0.0 0.0 0.0 0.0 0.0 0.0 0.0 0.0 0.0 0.0 0.0 0.0 0.0 0.0 0.0
0.0 0.0 0.0 0.0 0.0016158981515717223 0.0 0.0 0.0 0.0 0.0 0.9983841006263641 0.0
0.0 0.0 0.0 0.0 0.0 0.0 0.0 0.0
0.0 0.0 0.0 0.0 0.0 0.0 0.0 0.0 0.0 0.0 0.9999999987844331 0.0 0.0 0.0 0.0 0.0 0.0
0.0 0.0 0.0 0.0 0.9999867283746947 0.0 0.0
0.0 0.0 0.0 0.0 0.9999999987512078 0.0 0.0
0.0 0.0 0.0
0.0 0.0 0.0 0.0 0.0 0.0 0.0
0.0 0.0 0.0 0.0 0.0 0.0 0.0 0.0 0.0 0.0 0.9999999987875264 0.0 0.0
0.0 0.0 0.0 0.0 0.9999999987216703 0.0
0.0 0.0 0.0 0.0 0.0 0.0 0.0 0.0 0.0 0.0 0.9999999987818248 0.0 0.0 0.0 0.0 0.0 0.0 0.0 0.0 0.0 0.0 0.0 0.0 0.0 0.0 0.0 0.0 0.0 0.0 0.0 0.0 0.0 0.0 0.0
0.0 0.0 0.0 0.0 0.0 0.0 0.0 0.0 0.0 0.0 0.9999999987756394 0.0 0.0 0.0 0.0 0.0 0.0 0.0 0.0 0.0 0.0 0.0 0.0 0.0 0.0 0.0 0.0
0.0 0.0 0.0 0.0 0.0 0.0 0.0 0.0
0.0 0.0 0.0 0.0 0.0 0.0 0.0 0.0 0.0 0.0 0.9999999987777268 0.0 0.0 0.0 0.0 0.0 0.0 0.0 0.0 0.0 0.0 0.0 0.0 0.0 0.0
0.0 0.0 0.0 0.0 0.0
0.0 0.0 0.0 0.0 0.0 0.0 0.0 0.0 0.0 0.0 0.9999999987738211 0.0 0.0 0.0 0.0 0.0 0.0 0.0 0.0 0.0 0.0 0.0 0.0 0.0 0.0 0.0 0.0 0.0 0.0 0.0 0.0 0.0 0.0 0.0 0.0 0.0 0.0 0.0 0.0
0.0 0.0 0.0 0.0 0.0 0.0 0.0 0.0 0.0 0.0 0.999999998778265 0.0 0.0 0.0 0.0 0.0 0.0 0.0
0.0 0.0 0.0 0.0 0.0 0.0 0.0 0.0 0.0 0.0 0.9999999987817119 0.0 0.0 0.0 0.0 0.0 0.0 0.0 0.0 0.0 0.0 0.0 0.0 0.0
0.0 0.0 0.0 0.0 0.002137679388550979 0.0 0.0 0.0 0.0 0.0 0.9978623193820404 0.0 0.0 0.0 0.0 0.0 0.0 0.0 0.0
0.0 0.0 0.0 0.0 0.0 0.0 0.0 0.0 0.0 0.0 0.9999999987731109 0.0 0.0
0.0 0.0 0.0 0.0 0.9999999987753342 0.0 0.0
0.0 0.0 0.0 0.0 0.0 0.0 0.0 0.0 0.0 0.0 0.9999999987762499 0.0 0.0 0.0 0.0 0.0 0.0 0.0 0.0 0.0
0.0 0.0 0.0 0.0 0.00027096215886704216 0.0 0.0 0.0 0.0 0.0 0.999729036619667
0.0 0.0 0.0 0.0 0.0
0.0 0.0 0.0 0.0 0.0 0.0 0.0 0.0 0.0 0.0 0.0 0.0 0.0 0.0 0.0 0.0 0.0 0.0 0.0 0.0
0.0 0.0 0.0 0.0 0.0 0.0 0.0 0.0
0.0 0.0 0.0 0.0 0.0008281286496369913 0.0 0.0 0.0 0.0 0.0 0.9991718701167799 0.0 0.0
0.0 0.0 0.0 0.0 0.9999999987681433
0.0 0.0 0.0 0.0 0.0013362063029236009 0.0 0.0 0.0 0.0 0.0 0.9986637924693964 0.0 0.0 0.0 0.0 0.0 0.0
0.0 0.0 0.0 0.0 0.0006234349688241825 0.0 0.0 0.0 0.0 0.0 0.9993765638067322 0.0
0.0 0.0 0.0 0.0 0.001578762524323185 0.0 0.0 0.0 0.0 0.0 0.9984212362576277 0.0 0.0
0.0 0.0 0.0 0.0 0.00011875222399570678 0.0 0.0 0.0 0.0 0.0 0.9998812465462174 0.0 0.0 0.0 0.0 0.0 0.0 0.0
0.0 0.0 0.0 0.0 0.13679979663205402 0.0 0.0 0.0 0.0 0.0 0.8632002023214952 0.0 0.0
0.0 0.0 0.0 0.0 0.0 0.0 0.0 0.0 0.0 0.0 0.9999999987807094 0.0 0.0 0.0 0.0 0.0 0.0 0.0 0.0 0.0
0.0 0.0 0.0 0.0 0.999999950592 0.0 0.0 0.0
0.0 0.0 0.0 0.0 0.4147215062638065 0.0 0.0 0.0 0.0 0.0 0.585278493021041 0.0 0.0 0.0 0.0 0.0 0.0 0.0 0.0 0.0 0.0
0.0 0.0 0.0 0.0 0.0 0.0 0.0 0.0 0.0 0.0 0.9999999987760831 0.0 0.0 0.0 0.0 0.0 0.0 0.0 0.0 0.0 0.0 0.0 0.0 0.0 0.0 0.0 0.0 0.0 0.0 0.0
0.0 0.0 0.0 0.0 0.0 0.0 0.0 0.0 0.0 0.0 0.9999999987707526 0.0 0.0 0.0
0.0 0.0 0.0 0.0 0.999999998750124
0.0 0.0 0.0 0.0 0.0 0.0 0.0 0.0 0.0 0.0 0.9999999987878865 0.0 0.0 0.0 0.0 0.0 0.0 0.0 0.0 0.0 0.0 0.0 0.0
0.0 0.0 0.0 0.0 0.0 0.0 0.0 0.0 0.0 0.0 0.9999999987813248 0.0 0.0 0.0 0.0 0.0 0.0 0.0 0.0 0.0 0.0 0.0 0.0 0.0 0.0
0.0 0.0 0.0 0.0 0.0 0.0 0.0 0.0 0.0 0.0 0.9999999987788243 0.0 0.0
0.0 0.0 0.0 0.0 0.0 0.0 0.0
0.0 0.0 0.0 0.0 0.0 0.0 0.0 0.0 0.0 0.0 0.9999999987851956 0.0 0.0 0.0 0.0 0.0 0.0 0.0 0.0
0.0 0.0 0.0 0.0 0.0 0.0 0.0 0.0 0.0 0.0 0.9999999987812921 0.0 0.0 0.0 0.0 0.0 0.0 0.0 0.0 0.0
0.0 0.0 0.0 0.0 0.0 0.0 0.0 0.0 0.0 0.0 0.9999999987829399
0.0 0.0 0.0 0.0 0.5449575719379546 0.0 0.0 0.0 0.0 0.0 0.45504242735997186 0.0 0.0 0.0 0.0 0.0 0.0 0.0 0.0 0.0 0.0 0.0 0.0 0.0 0.0
0.0 0.0 0.0 0.0 0.13460663253127667 0.0 0.0 0.0 0.0 0.0 0.8653933664199145 0.0 0.0 0.0 0.0
0.0 0.0 0.0 0.0 0.0 0.0 0.0 0.0 0.0 0.0 0.999999998781695 0.0 0.0 0.0 0.0 0.0 0.0 0.0 0.0 0.0 0.0 0.0 0.0 0.0 0.0 0.0 0.0 0.0 0.0
0.0 0.0 0.0 0.0 0.0 0.0 0.0 0.0
0.0 0.0 0.0 0.0 0.0 0.0 0.0 0.0 0.0 0.0 0.9999999987728684
0.0 0.0 0.0 0.0 0.0 0.0 0.0
0.0 0.0 0.0 0.0 0.0 0.0 0.0 0.0 0.0 0.0 0.9999999987769207 0.0
0.0 0.0 0.0 0.0 0.0012589627419297763 0.0 0.0 0.0 0.0 0.0 0.9987410360259074
0.0 0.0 0.0 0.0 0.0 0.0 0.0 0.0
0.0 0.0 0.0 0.0 0.0 0.0 0.0
0.0 0.0 0.0 0.0 0.0 0.0 0.0 0.0 0.0 0.0 0.999999998784965 0.0 0.0 0.0
0.0 0.0 0.0 0.0 0.0 0.0
0.0 0.0 0.0 0.0 0.0 0.0 0.0 0.0 0.0 0.0 0.9999999987845511 0.0 0.0 0.0 0.0 0.0 0.0 0.0 0.0 0.0
0.0 0.0 0.0 0.0 0.9999992037256173
0.0 0.0 0.0 0.0 0.0 0.0 0.0 0.0
0.0 0.0 0.0 0.0 0.0015303982801298866 0.0 0.0 0.0 0.0 0.0 0.9984696004894965 0.0 0.0
0.0 0.0 0.0 0.0 0.0 0.0 0.0 0.0 0.0 0.0 0.9999999987778275 0.0 0.0 0.0 0.0 0.0 0.0 0.0 0.0 0.0
0.0 0.0 0.0 0.0 0.0 0.0 0.0 0.0 0.0 0.0 0.9999999987884964 0.0
0.0 0.0 0.0 0.0 0.0 0.0 0.0 0.0
0.0 0.0 0.0 0.0 0.9999989603313145 0.0 0.0
0.0 0.0 0.0
0.0 0.0 0.0 0.0 0.0 0.0 0.0 0.0 0.0 0.0 0.9999999987776867 0.0 0.0 0.0
0.0 0.0 0.0 0.0
0.0 0.0 0.0 0.0 0.0021973286416145585 0.0 0.0 0.0 0.0 0.0 0.9978026701419528 0.0 0.0 0.0 0.0 0.0 0.0 0.0 0.0
0.0 0.0 0.0 0.0 0.0005706072377215966 0.0 0.0 0.0 0.0 0.0 0.99942939153685 0.0 0.0 0.0 0.0 0.0 0.0 0.0 0.0 0.0 0.0 0.0 0.0 0.0 0.0 0.0 0.0 0.0 0.0 0.0 0.0 0.0 0.0 0.0 0.0 0.0 0.0 0.0
0.0 0.0 0.0 0.0 0.00014689623526427338 0.0 0.0 0.0 0.0 0.0 0.9998531025402867 0.0 0.0 0.0 0.0 0.0 0.0 0.0 0.0 0.0 0.0 0.0 0.0 0.0 0.0 0.0
0.0 0.0 0.0 0.0 0.0 0.0 0.0
0.0 0.0 0.0 0.0 0.0 0.0 0.0 0.0 0.0 0.0 0.9999999987861667 0.0
0.0 0.0 0.0 0.0 0.0
0.0 0.0 0.0 0.0 0.0
0.0 0.0 0.0 0.0 0.0 0.0 0.0 0.0 0.0 0.0 0.0 0.0 0.0 0.0 0.0 0.0 0.0 0.0 0.0 0.0 0.0 0.0 0.0 0.0 0.0 0.0 0.0 0.0 0.0 0.0 0.0 0.0 0.0 0.0 0.0 0.0 0.0 0.0 0.0 0.0 0.0 0.0 0.0 0.0 0.0
0.0 0.0 0.0 0.0 0.0 0.0 0.0 0.0 0.0
0.0 0.0 0.0 0.0 0.0013431174030574902 0.0 0.0 0.0 0.0 0.0 0.9986568813765797
0.0 0.0 0.0 0.0 0.0 0.0 0.0 0.0 0.0 0.0 0.9999999987735604 0.0 0.0
0.0 0.0 0.0 0.0 0.9999999987263722 0.0 0.0 0.0 0.0 0.0 0.0 0.0 0.0 0.0 0.0 0.0
0.0 0.0 0.0 0.0 0.0001645917175449804 0.0 0.0 0.0 0.0 0.0 0.9998354070620182 0.0 0.0 0.0 0.0 0.0 0.0 0.0
0.0 0.0 0.0 0.0 0.0 0.0 0.0 0.0 0.0 0.0 0.9999999987874092 0.0 0.0 0.0 0.0 0.0
0.0 0.0 0.0 0.0 0.0 0.0 0.0 0.0 0.0 0.0 0.0 0.0 0.0 0.0 0.0 0.0 0.0 0.0 0.0 0.0
0.0 0.0 0.0 0.0 0.0 0.0 0.0 0.0 0.0 0.0 0.9999999987720524 0.0 0.0 0.0
0.0 0.0 0.0 0.0 0.4413158749677967 0.0 0.0 0.0 0.0 0.0 0.5586841243489952 0.0 0.0 0.0 0.0 0.0 0.0 0.0 0.0 0.0 0.0 0.0 0.0 0.0 0.0 0.0 0.0 0.0 0.0 0.0 0.0 0.0 0.0
0.0 0.0 0.0
0.0 0.0 0.0 0.0 0.9999999984779633 0.0
0.0 0.0 0.0 0.0 0.0 0.0 0.0 0.0 0.0 0.0 0.9999999987840226
0.0 0.0 0.0 0.0 0.9999999987772143 0.0 0.0 0.0 0.0 0.0 0.0 0.0
0.0 0.0 0.0 0.0 0.000928276281221611 0.0 0.0 0.0 0.0 0.0 0.9990717224978592 0.0 0.0 0.0 0.0
0.0 0.0 0.0 0.0 0.0 0.0 0.0 0.0 0.0 0.0 0.999999998779718 0.0 0.0 0.0 0.0 0.0 0.0 0.0 0.0
0.0 0.0 0.0 0.0 0.4580712919152351 0.0 0.0 0.0 0.0 0.0 0.5419287074231915 0.0 0.0 0.0 0.0
0.0 0.0 0.0 0.0 0.999999322680475 0.0 0.0 0.0
0.0 0.0 0.0 0.0 0.0005332086275260134 0.0 0.0 0.0 0.0 0.0 0.9994667901512 0.0 0.0 0.0 0.0 0.0 0.0 0.0 0.0 0.0 0.0 0.0 0.0 0.0
0.0 0.0 0.0 0.0 0.9999999987754751 0.0 0.0 0.0 0.0 0.0
0.0 0.0 0.0 0.0 0.0 0.0 0.0 0.0 0.0 0.0 0.9999999987858339
0.0 0.0 0.0 0.0 0.49460478333832864 0.0 0.0 0.0 0.0 0.0 0.5053952160460831 0.0 0.0 0.0 0.0 0.0 0.0 0.0 0.0 0.0 0.0 0.0 0.0 0.0 0.0 0.0 0.0 0.0 0.0 0.0 0.0 0.0 0.0 0.0
0.0 0.0 0.0 0.0 0.9999738781195054 0.0 0.0 0.0
0.0 0.0 0.0 0.0 0.9999975969741293 0.0 0.0 0.0 0.0
0.0 0.0 0.0 0.0 0.0001357795716318243 0.0 0.0 0.0 0.0 0.0 0.9998642192081455 0.0 0.0 0.0 0.0 0.0 0.0 0.0 0.0 0.0 0.0 0.0 0.0 0.0
0.0 0.0 0.0 0.0 0.9999999987735332 0.0 0.0 0.0 0.0 0.0 0.0 0.0 0.0 0.0 0.0 0.0 0.0 0.0 0.0 0.0 0.0 0.0 0.0 0.0 0.0 0.0 0.0 0.0 0.0 0.0 0.0
0.0 0.0 0.0 0.0 0.0 0.0
0.0 0.0 0.0 0.0 0.0001993122870346827 0.0 0.0 0.0 0.0 0.0 0.999800686494563 0.0 0.0 0.0 0.0 0.0
0.0 0.0 0.0 0.0 0.0 0.0 0.0 0.0 0.0 0.0 0.9999999987792334 0.0 0.0
0.0 0.0 0.0 0.0 0.0 0.0 0.0 0.0 0.0 0.0 0.9999999987713506 0.0 0.0 0.0 0.0 0.0 0.0 0.0
0.0 0.0 0.0 0.0 0.0010595891836057902 0.0 0.0 0.0 0.0 0.0 0.998940409602427 0.0 0.0 0.0 0.0 0.0 0.0 0.0 0.0 0.0
0.0 0.0 0.0 0.0 0.0 0.0 0.0 0.0
0.0 0.0 0.0 0.0 0.4316252216481641 0.0 0.0 0.0 0.0 0.0 0.5683747776516767 0.0 0.0
0.0 0.0 0.0 0.0 0.0 0.0 0.0 0.0 0.0 0.0 0.9999999987672139 0.0 0.0
0.0 0.0 0.0 0.0 0.0 0.0 0.0 0.0 0.0 0.0 0.9999999987811761 0.0
0.0 0.0 0.0 0.0 0.0022867829787861548 0.0 0.0 0.0 0.0 0.0 0.997713215795081 0.0 0.0
0.0 0.0 0.0 0.0 0.0011389244095036234 0.0 0.0 0.0 0.0 0.0 0.9988610743722005 0.0 0.0 0.0
0.0 0.0 0.0 0.0 0.00010167239758614833 0.0 0.0 0.0 0.0 0.0 0.999898326381711 0.0 0.0 0.0 0.0
0.0 0.0 0.0 0.0 0.0 0.0 0.0 0.0 0.0 0.0 0.9999999987788993 0.0 0.0 0.0 0.0 0.0 0.0
0.0 0.0 0.0 0.0 0.0009016260975878671 0.0 0.0 0.0 0.0 0.0 0.9990983726780801 0.0 0.0 0.0 0.0 0.0 0.0 0.0 0.0 0.0 0.0 0.0
0.0 0.0 0.0 0.0 0.5116872586479038 0.0 0.0 0.0 0.0 0.0 0.4883127407312255 0.0
0.0 0.0 0.0 0.0 0.0 0.0 0.0 0.0 0.0 0.0 0.9999999987867624 0.0 0.0 0.0 0.0 0.0 0.0 0.0 0.0 0.0 0.0 0.0 0.0
0.0 0.0 0.0 0.0 0.0 0.0 0.0 0.0 0.0 0.0 0.9999999987537008 0.0 0.0 0.0 0.0 0.0 0.0 0.0 0.0 0.0
0.0 0.0 0.0 0.0 0.0004647342307738597 0.0 0.0 0.0 0.0 0.0 0.9995352645450235 0.0 0.0 0.0
0.0 0.0 0.0 0.0 0.0 0.0 0.0 0.0 0.0 0.0 0.9999999987748903 0.0 0.0 0.0 0.0 0.0 0.0 0.0 0.0 0.0 0.0 0.0
0.0 0.0 0.0 0.0 0.002062997746543086 0.0 0.0 0.0 0.0 0.0 0.9979370010415322 0.0 0.0 0.0 0.0 0.0 0.0 0.0 0.0 0.0 0.0 0.0 0.0 0.0 0.0 0.0 0.0 0.0 0.0 0.0 0.0 0.0 0.0
0.0 0.0 0.0 0.0 0.0015153481982210352 0.0 0.0 0.0 0.0 0.0 0.9984846505877119 0.0 0.0 0.0 0.0 0.0 0.0 0.0 0.0 0.0 0.0 0.0 0.0 0.0 0.0 0.0
0.0 0.0 0.0 0.0 0.9999944321013591 0.0 0.0 0.0 0.0
0.0 0.0 0.0 0.0 0.002463584479539638 0.0 0.0 0.0 0.0 0.0 0.9975364142990878
0.0 0.0 0.0 0.0 0.0 0.0 0.0 0.0 0.0 0.0 0.9999999987658222 0.0 0.0 0.0 0.0 0.0 0.0 0.0 0.0
0.0 0.0 0.0 0.0 0.0 0.0 0.0 0.0 0.0 0.0 0.9999999987732253 0.0 0.0
0.0 0.0 0.0 0.0 0.0028353265116383025 0.0 0.0 0.0 0.0 0.0 0.997164672270534 0.0
0.0 0.0 0.0 0.0 8.232029161687866e-05 0.0 0.0 0.0 0.0 0.0 0.9999176784814157 0.0 0.0 0.0
0.0 0.0 0.0 0.0 0.0 0.0 0.0 0.0 0.0
0.0 0.0 0.0 0.0 0.0023439961798972318 0.0 0.0 0.0 0.0 0.0 0.9976560026009956
0.0 0.0 0.0 0.0 0.0 0.0 0.0
0.0 0.0 0.0 0.0 0.0 0.0 0.0 0.0 0.0 0.0 0.9999999987830346 0.0 0.0 0.0 0.0 0.0 0.0 0.0 0.0 0.0 0.0 0.0 0.0 0.0 0.0 0.0 0.0 0.0 0.0 0.0 0.0 0.0 0.0 0.0 0.0 0.0
0.0 0.0 0.0 0.0 0.0 0.0 0.0
0.0 0.0 0.0 0.0 0.0
0.0 0.0 0.0 0.0
0.0 0.0 0.0 0.0 0.0 0.0 0.0 0.0 0.0 0.0 0.999999998780453 0.0 0.0 0.0 0.0 0.0 0.0 0.0 0.0 0.0 0.0 0.0
0.0 0.0 0.0 0.0 0.0 0.0 0.0 0.0 0.0 0.0 0.0 0.0 0.0 0.0 0.0 0.0 0.0
0.0 0.0 0.0 0.0 0.0 0.0 0.0 0.0 0.0 0.0 0.9999999987725222 0.0 0.0 0.0 0.0 0.0 0.0 0.0 0.0 0.0 0.0
0.0 0.0 0.0 0.0 0.00037139053316260237 0.0 0.0 0.0 0.0 0.0 0.9996286082346735 0.0 0.0 0.0 0.0 0.0 0.0 0.0 0.0 0.0 0.0 0.0 0.0 0.0 0.0 0.0 0.0
0.0 0.0 0.0 0.0 0.0 0.0 0.0 0.0 0.0 0.0 0.9999999987755092 0.0 0.0 0.0 0.0 0.0 0.0 0.0 0.0 0.0 0.0 0.0 0.0 0.0
0.0 0.0 0.0 0.0 0.9999993306254082 0.0 0.0 0.0
0.0 0.0 0.0 0.0 0.3759119610702099 0.0 0.0 0.0 0.0 0.0 0.6240880381726767 0.0 0.0 0.0 0.0 0.0 0.0 0.0
0.0 0.0 0.0 0.0 0.99999999877446
0.0 0.0 0.0 0.0 0.0014414673814302401 0.0 0.0 0.0 0.0 0.0 0.9985585313981438 0.0 0.0 0.0 0.0 0.0 0.0 0.0 0.0 0.0 0.0 0.0 0.0 0.0 0.0 0.0 0.0 0.0 0.0 0.0 0.0 0.0 0.0 0.0
0.0 0.0 0.0 0.0 0.01119458409622537 0.0 0.0 0.0 0.0 0.0 0.9888054147044552 0.0 0.0 0.0 0.0 0.0 0.0 0.0 0.0 0.0 0.0 0.0 0.0 0.0
0.0 0.0 0.0
0.0 0.0 0.0 0.0 0.9999911050080101 0.0 0.0 0.0
0.0 0.0 0.0 0.0 0.0 0.0 0.0 0.0 0.0 0.0 0.9999999987790814 0.0 0.0 0.0 0.0 0.0
0.0 0.0 0.0 0.0 0.0 0.0 0.0 0.0 0.0 0.0 0.9999999987879915
0.0 0.0 0.0 0.0 0.0 0.0 0.0 0.0
0.0 0.0 0.0 0.0 0.0 0.0 0.0 0.0 0.0 0.0 0.9999999987875751 0.0 0.0
0.0 0.0 0.0 0.0 0.0 0.0 0.0 0.0 0.0 0.0 0.9999999987854231 0.0 0.0 0.0 0.0 0.0 0.0 0.0 0.0 0.0 0.0 0.0 0.0 0.0 0.0 0.0
0.0 0.0 0.0 0.0
0.0 0.0 0.0 0.0 0.0 0.0 0.0 0.0 0.0 0.0 0.9999999987746737 0.0 0.0 0.0 0.0
0.0 0.0 0.0 0.0 0.0 0.0 0.0 0.0 0.0 0.0 0.9999999987829586
0.0 0.0 0.0 0.0 0.0 0.0 0.0 0.0 0.0
0.0 0.0 0.004557068333111971 0.0 0.9954429303249027
0.0 0.0 0.0 0.0 0.0024509744696336985 0.0 0.0 0.0 0.0 0.0 0.9975490243071281 0.0 0.0 0.0 0.0
0.0 0.0 0.0 0.0 0.0008646707266835658 0.0 0.0 0.0 0.0 0.0 0.9991353280506514 0.0 0.0 0.0
0.0 0.0 0.0 0.0 0.0 0.0 0.0 0.0 0.0 0.0 0.9999999987769307
0.0 0.0 0.0 0.0 0.0 0.0 0.0 0.0 0.0 0.0 0.9999999987861659 0.0 0.0 0.0 0.0
0.0 0.0 0.0 0.0 0.0 0.0 0.0 0.0 0.0 0.0 0.0 0.0 0.0 0.0 0.0
0.0 0.0 0.0 0.0 0.0 0.0 0.0 0.0 0.0
0.0 0.0 0.0 0.0 0.0 0.0 0.0 0.0 0.0 0.0 0.999999998782586 0.0 0.0 0.0 0.0 0.0 0.0 0.0 0.0 0.0 0.0 0.0 0.0
0.0 0.0 0.0 0.0 0.0 0.0 0.0 0.0 0.0 0.0 0.9999999987791113 0.0 0.0 0.0 0.0
0.0 0.0 0.0 0.0 0.0027525726893639 0.0 0.0 0.0 0.0 0.0 0.9972474260887276 0.0 0.0 0.0 0.0 0.0 0.0 0.0 0.0 0.0 0.0 0.0 0.0 0.0 0.0 0.0 0.0 0.0 0.0 0.0 0.0 0.0 0.0 0.0 0.0 0.0
0.0 0.0 0.0 0.0 0.0 0.0 0.0 0.0 0.0 0.0 0.9999999987773172 0.0 0.0 0.0 0.0 0.0
0.0 0.0 0.0 0.0 0.9999999987422625 0.0 0.0 0.0 0.0 0.0 0.0 0.0 0.0 0.0 0.0 0.0 0.0 0.0 0.0 0.0 0.0 0.0 0.0 0.0 0.0 0.0 0.0 0.0 0.0 0.0 0.0 0.0 0.0 0.0
0.0 0.0 0.0 0.0 0.0 0.0 0.0 0.0 0.0 0.0 0.9999999987745397 0.0
0.0 0.0 0.0 0.0 0.0 0.0 0.0 0.0 0.0 0.0 0.9999999987749854 0.0 0.0
0.0 0.0 0.0 0.0 0.9999999986581299 0.0 0.0 0.0 0.0
0.0 0.0 0.0 0.0 0.0 0.0 0.0 0.0 0.0 0.0 0.9999999987833004 0.0 0.0 0.0 0.0 0.0 0.0 0.0 0.0 0.0 0.0 0.0 0.0
0.0 0.0 0.0 0.0 0.9999991514344434 0.0
0.0 0.0 0.0 0.0 0.0 0.0 0.0 0.0 0.0 0.0 0.9999999987648309 0.0 0.0 0.0 0.0 0.0 0.0 0.0 0.0 0.0 0.0 0.0 0.0 0.0 0.0 0.0 0.0 0.0 0.0 0.0 0.0 0.0 0.0 0.0
0.0 0.0 0.0 0.0 0.0 0.0 0.0 0.0 0.0 0.0 0.9999999987795005 0.0 0.0 0.0 0.0 0.0 0.0 0.0 0.0 0.0 0.0
0.0 0.0 0.0 0.0 0.0006781954620356052 0.0 0.0 0.0 0.0 0.0 0.9993218033261445 0.0 0.0 0.0 0.0 0.0 0.0 0.0 0.0
0.0 0.0 0.0 0.0 0.0 0.0
0.0 0.0 0.0 0.0 0.0007845911831619617 0.0 0.0 0.0 0.0 0.0 0.999215407598131 0.0 0.0
0.0 0.0 0.0 0.0 0.0009352681602421678 0.0 0.0 0.0 0.0 0.0 0.9990647306215564 0.0
0.0 0.0 0.0 0.0 0.0 0.0 0.0 0.0 0.0 0.0 0.9999999987881838 0.0 0.0
0.0 0.0 0.0 0.0 0.0006773354039514453 0.0 0.0 0.0 0.0 0.0 0.9993226633749139
0.0 0.0 0.0 0.0 0.0 0.0 0.0 0.0
0.0 0.0 0.0 0.0 0.9999999987677614 0.0 0.0 0.0 0.0
0.0 0.0 0.0 0.0 0.999999998771402 0.0 0.0 0.0 0.0 0.0 0.0
0.0 0.0 0.0 0.0 0.002216193619513127 0.0 0.0 0.0 0.0 0.0 0.997783805161789 0.0
0.0 0.0 0.0 0.0 0.0 0.0 0.0 0.0 0.0 0.0 0.9999999987669442 0.0 0.0 0.0 0.0 0.0 0.0
0.0 0.0 0.0 0.0 0.0 0.0 0.0 0.0 0.0 0.0 0.9999999987731257 0.0 0.0 0.0 0.0 0.0 0.0
0.0 0.0 0.0 0.0 0.0 0.0 0.0 0.0 0.0 0.0 0.9999999987880702 0.0 0.0 0.0 0.0 0.0
0.0 0.0 0.0 0.0 0.9999999986637751 0.0 0.0
0.0 0.0 0.0 0.0 0.002312159764923731 0.0 0.0 0.0 0.0 0.0 0.9976878390134498 0.0
0.0 0.0 0.0 0.0 0.0 0.0 0.0 0.0 0.0 0.0 0.9999999987798817 0.0
0.0 0.0 0.0 0.0 0.9999999986945953 0.0 0.0 0.0
0.0 0.0 0.0 0.0 0.9999999987584651
0.0 0.0 0.0 0.0
0.0 0.0 0.0 0.0 0.9999999982248692
0.0 0.0 0.0 0.0 0.0
0.0 0.0 0.0 0.0 0.002884903200243432 0.0 0.0 0.0 0.0 0.0 0.997115095584412 0.0 0.0
0.0 0.0 0.0 0.0 0.0 0.0 0.0 0.0 0.0 0.0 0.9999999987734456 0.0 0.0 0.0 0.0 0.0
0.0 0.0 0.0 0.0 0.0 0.0 0.0 0.0 0.0 0.0 0.9999999987815094 0.0 0.0 0.0 0.0 0.0 0.0 0.0
0.0 0.0 0.0 0.0 0.0 0.0 0.0 0.0 0.0 0.0 0.9999999987852548
0.0 0.0 0.0 0.0 0.9999973442023933 0.0 0.0
0.0 0.0 0.0 0.0 0.5042826797473318 0.0 0.0 0.0 0.0 0.0 0.4957173196325241 0.0 0.0 0.0 0.0 0.0 0.0 0.0 0.0
0.0 0.0 0.0 0.0 0.0 0.0 0.0 0.0 0.0 0.0 0.9999999987779012 0.0 0.0 0.0 0.0 0.0 0.0 0.0 0.0 0.0 0.0 0.0
0.0 0.0 0.0 0.0 0.0006417460032472428 0.0 0.0 0.0 0.0 0.0 0.9993582527736798 0.0 0.0
0.0 0.0 0.0 0.0 0.0 0.0 0.0 0.0 0.0 0.0 0.9999999987824532 0.0 0.0 0.0 0.0 0.0 0.0 0.0 0.0 0.0 0.0
0.0 0.0 0.0 0.0 0.9999999987434757
0.0 0.0 0.0 0.0 0.0019308017182372182 0.0 0.0 0.0 0.0 0.0 0.9980691970618131 0.0 0.0 0.0 0.0 0.0 0.0 0.0 0.0 0.0 0.0 0.0
0.0 0.0 0.0 0.0 0.9999991857382226 0.0 0.0 0.0
0.0 0.0 0.0 0.0 0.4861513215827655 0.0 0.0 0.0 0.0 0.0 0.513848677785752
0.0 0.0 0.0 0.0 0.0 0.0 0.0 0.0 0.0 0.0 0.9999999987789536 0.0 0.0 0.0 0.0 0.0 0.0 0.0 0.0 0.0 0.0 0.0 0.0 0.0 0.0 0.0 0.0
0.0 0.0 0.0 0.0 0.999999998768867 0.0 0.0 0.0
0.0 0.0 0.0
0.0 0.0 0.0 0.0 0.0 0.0 0.0
0.0 0.0 0.0 0.0 0.0 0.0 0.0 0.0 0.0
0.0 0.0 0.0 0.0 0.002479416693785971 0.0 0.0 0.0 0.0 0.0 0.9975205820961143 0.0 0.0 0.0 0.0 0.0 0.0 0.0 0.0 0.0 0.0 0.0 0.0 0.0 0.0 0.0 0.0 0.0 0.0 0.0 0.0 0.0 0.0 0.0 0.0 0.0 0.0 0.0 0.0 0.0 0.0 0.0 0.0 0.0 0.0
0.0 0.0 0.0 0.0 0.9999797013001278 0.0 0.0
0.0 0.0 0.0 0.0 0.0023435080244852114 0.0 0.0 0.0 0.0 0.0 0.9976564907597872 0.0 0.0 0.0 0.0 0.0 0.0 0.0 0.0 0.0 0.0 0.0 0.0 0.0
0.0 0.0 0.0
0.0 0.0 0.0 0.0 0.9999474507928877 0.0 0.0 0.0
0.0 0.0 0.0 0.0 0.0016376919853542905 0.0 0.0 0.0 0.0 0.0 0.998362306789205 0.0 0.0 0.0 0.0 0.0 0.0 0.0 0.0 0.0 0.0
0.0 0.0 0.0 0.0 0.00040594444247720764 0.0 0.0 0.0 0.0 0.0 0.9995940543377062 0.0 0.0 0.0 0.0 0.0 0.0 0.0 0.0 0.0 0.0 0.0 0.0 0.0 0.0
0.0 0.0 0.0 0.0 0.0 0.0 0.0 0.0 0.0 0.0 0.9999999987655225 0.0 0.0 0.0 0.0 0.0 0.0 0.0 0.0
0.0 0.0 0.0 0.0 0.0
0.0 0.0 0.0 0.0 0.0 0.0 0.0 0.0 0.0 0.0 0.9999999987760207 0.0 0.0 0.0
0.0 0.0 0.0 0.0 0.9999999987435289 0.0 0.0 0.0 0.0
0.0 0.0 0.0 0.0 0.0011965672278650143 0.0 0.0 0.0 0.0 0.0 0.9988034315563117 0.0 0.0 0.0
0.0 0.0 0.0 0.0 0.0024281880306420037 0.0 0.0 0.0 0.0 0.0 0.9975718107512141 0.0 0.0
0.0 0.0 0.0 0.0 0.0 0.0 0.0 0.0 0.0 0.0 0.9999999987800432 0.0
0.0 0.0 0.0 0.0 0.9999999986249647 0.0 0.0 0.0
0.0 0.0 0.0 0.0 0.0 0.0 0.0 0.0 0.0 0.0 0.9999999987844972 0.0 0.0 0.0 0.0 0.0 0.0
0.0 0.0 0.0 0.0 0.0008168731498996474 0.0 0.0 0.0 0.0 0.0 0.9991831256355278 0.0 0.0 0.0 0.0 0.0 0.0 0.0 0.0 0.0 0.0 0.0 0.0 0.0 0.0 0.0 0.0 0.0 0.0 0.0 0.0 0.0 0.0 0.0 0.0 0.0 0.0 0.0 0.0 0.0 0.0 0.0 0.0
0.0 0.0 0.0 0.0 0.0 0.0 0.0 0.0 0.0 0.0 0.9999999987880785 0.0 0.0 0.0 0.0 0.0 0.0 0.0 0.0 0.0
0.0 0.0 0.0 0.0 0.0367882338911751 0.0 0.0 0.0 0.0 0.0 0.9632117649411979 0.0 0.0 0.0 0.0 0.0 0.0 0.0 0.0 0.0 0.0 0.0 0.0 0.0 0.0 0.0
0.0 0.0 0.0 0.0 0.0 0.0 0.0 0.0 0.0 0.0 0.9999999987772861 0.0
0.0 0.0 0.0 0.0 0.001226268216093569 0.0 0.0 0.0 0.0 0.0 0.9987737305633834 0.0 0.0 0.0 0.0 0.0 0.0 0.0 0.0 0.0
0.0 0.0 0.0 0.0 0.0006551240903622898 0.0 0.0 0.0 0.0 0.0 0.9993448746950025 0.0 0.0 0.0 0.0 0.0 0.0 0.0 0.0 0.0 0.0 0.0 0.0
0.0 0.0 0.0 0.0 0.0 0.0 0.0 0.0 0.0 0.0 0.9999999987752793 0.0 0.0 0.0 0.0 0.0 0.0 0.0 0.0 0.0 0.0 0.0
0.0 0.0 0.0 0.0 0.9999845213181309 0.0 0.0 0.0
0.0 0.0 0.0 0.0 0.0 0.0 0.0 0.0 0.0 0.0 0.9999999987730537 0.0
0.0 0.0 0.0 0.0 0.00022948553064769102 0.0 0.0 0.0 0.0 0.0 0.9997705132432945 0.0
0.0 0.0 0.0 0.0 0.0 0.0 0.0 0.0 0.0 0.0 0.9999999987871178 0.0 0.0 0.0 0.0 0.0 0.0 0.0 0.0 0.0 0.0 0.0 0.0 0.0 0.0 0.0 0.0 0.0 0.0 0.0 0.0 0.0 0.0 0.0 0.0 0.0 0.0 0.0 0.0 0.0 0.0 0.0 0.0 0.0 0.0 0.0
0.0 0.0 0.0 0.0 0.0016282902327075033 0.0 0.0 0.0 0.0 0.0 0.9983717085397231 0.0 0.0 0.0 0.0
0.0 0.0 0.0 0.0 0.0 0.0 0.0 0.0 0.0 0.0 0.9999999987789597 0.0 0.0 0.0 0.0 0.0 0.0 0.0 0.0 0.0 0.0 0.0 0.0 0.0 0.0 0.0 0.0 0.0 0.0 0.0 0.0 0.0 0.0 0.0
0.0 0.0 0.0 0.0 0.0006546781693196115 0.0 0.0 0.0 0.0 0.0 0.999345320605439
0.0 0.0 0.0 0.0 0.0 0.0
0.0 0.0 0.0 0.0 0.49305795564501653 0.0 0.0 0.0 0.0 0.0 0.5069420437352163 0.0 0.0
0.0 0.0 0.0 0.0 0.0014871247282356615 0.0 0.0 0.0 0.0 0.0 0.9985128740528273 0.0 0.0 0.0
0.0 0.0 0.0 0.0 0.0 0.0 0.0 0.0 0.0 0.0 0.9999999987751519 0.0 0.0 0.0 0.0 0.0 0.0 0.0 0.0 0.0
0.0 0.0 0.0 0.0 0.0001679261629109285 0.0 0.0 0.0 0.0 0.0 0.9998320726113954 0.0 0.0 0.0 0.0 0.0 0.0 0.0 0.0 0.0 0.0 0.0 0.0 0.0 0.0 0.0 0.0 0.0 0.0 0.0 0.0 0.0 0.0 0.0
0.0 0.0 0.0 0.0 0.0 0.0 0.0 0.0 0.0
0.0 0.0 0.0 0.0 0.0
0.0 0.0 0.0 0.0 0.0 0.0 0.0
0.0 0.0 0.0 0.0 0.0 0.0 0.0 0.0 0.0 0.0 0.9999999987755404 0.0 0.0 0.0 0.0 0.0 0.0 0.0 0.0 0.0 0.0 0.0 0.0 0.0
0.0 0.0 0.0 0.0 0.00035393092747521763 0.0 0.0 0.0 0.0 0.0 0.9996460678505148 0.0 0.0 0.0 0.0 0.0 0.0 0.0 0.0 0.0 0.0
0.0 0.0 0.0 0.0 0.10474808491881225 0.0 0.0 0.0 0.0 0.0 0.8952519139964182 0.0 0.0 0.0
0.0 0.0 0.0 0.0 0.0 0.0 0.0 0.0 0.0 0.0 0.9999999987747324 0.0 0.0 0.0 0.0 0.0 0.0 0.0 0.0 0.0 0.0 0.0 0.0 0.0 0.0 0.0 0.0 0.0 0.0 0.0 0.0 0.0 0.0 0.0 0.0 0.0 0.0
0.0 0.0 0.0 0.0 0.0001374947583547847 0.0 0.0 0.0 0.0 0.0 0.9998625040154095 0.0 0.0 0.0 0.0 0.0 0.0 0.0 0.0 0.0
0.0 0.0 0.0 0.0 0.9999970871393403 0.0 0.0
0.0 0.0 0.0 0.0 0.9999999987468811
0.0 0.0 0.0 0.0 0.0001890360873735657 0.0 0.0 0.0 0.0 0.0 0.9998109626878138 0.0 0.0
0.0 0.0 0.0 0.0 0.0 0.0
0.0 0.0 0.0 0.0 0.5000541670323063 0.0 0.0 0.0 0.0 0.0 0.4999458323505275 0.0 0.0 0.0 0.0 0.0 0.0 0.0 0.0 0.0 0.0
0.0 0.0 0.0 0.0 0.002054060160185512 0.0 0.0 0.0 0.0 0.0 0.9979459386155075 0.0 0.0 0.0 0.0 0.0
0.0 0.0 0.0 0.0 0.0 0.0 0.0 0.0 0.0 0.0 0.9999999987856456 0.0 0.0 0.0 0.0 0.0 0.0 0.0 0.0 0.0 0.0 0.0 0.0 0.0 0.0 0.0 0.0 0.0 0.0
0.0 0.0 0.0 0.0 0.9999970549582498 0.0 0.0
0.0 0.0 0.0 0.0 0.0018284366398323368 0.0 0.0 0.0 0.0 0.0 0.9981715621336152 0.0 0.0 0.0 0.0 0.0 0.0 0.0
0.0 0.0 0.0 0.0 0.002489721177436992 0.0 0.0 0.0 0.0 0.0 0.9975102776014797
0.0 0.0 0.0 0.0 0.0 0.0 0.0 0.0 0.0 0.0 0.9999999987858812 0.0 0.0 0.0 0.0 0.0 0.0 0.0 0.0 0.0
0.0 0.0 0.0 0.0 0.5520494613519303 0.0 0.0 0.0 0.0 0.0 0.44795053789109046 0.0 0.0
0.0 0.0 0.0 0.0 0.0013943156156243498 0.0 0.0 0.0 0.0 0.0 0.9986056831391996 0.0 0.0
0.0 0.0 0.0 0.0 0.0 0.0 0.0 0.0 0.0 0.0 0.9999999987750694 0.0 0.0 0.0 0.0 0.0 0.0 0.0 0.0 0.0 0.0
0.0 0.0 0.0 0.0 0.0 0.0 0.0 0.0 0.0 0.0 0.9999999987799038 0.0
0.0 0.0 0.0 0.0 0.0 0.0 0.0 0.0 0.0 0.0 0.9999999987766962 0.0
0.0 0.0 0.0 0.0 0.001936950810425372 0.0 0.0 0.0 0.0 0.0 0.9980630479731895 0.0 0.0 0.0 0.0 0.0 0.0 0.0 0.0 0.0 0.0
0.0 0.0 0.0 0.0 0.0 0.0 0.0 0.0 0.0 0.0 0.999999998782466 0.0
0.0 0.0 0.0 0.0 0.002184564121200147 0.0 0.0 0.0 0.0 0.0 0.997815434657528 0.0 0.0
0.0 0.0 0.0 0.0 0.0013421018732977608 0.0 0.0 0.0 0.0 0.0 0.9986578969042748 0.0 0.0 0.0 0.0 0.0 0.0 0.0 0.0 0.0 0.0
0.0 0.0 0.0 0.0 0.0 0.0 0.0 0.0 0.0 0.0 0.9999999987772011 0.0 0.0 0.0 0.0 0.0 0.0 0.0 0.0
0.0 0.0 0.0 0.0 0.0 0.0 0.0 0.0 0.0 0.0 0.0 0.0 0.0 0.0 0.0 0.0 0.0 0.0 0.0 0.0 0.0 0.0 0.0 0.0 0.0 0.0 0.0 0.0 0.0 0.0 0.0 0.0
0.0 0.0 0.0 0.0 0.002000139178474481 0.0 0.0 0.0 0.0 0.0 0.9979998596061355 0.0 0.0 0.0 0.0 0.0 0.0 0.0 0.0
0.0 0.0 0.0 0.0 0.00024835766035871486 0.0 0.0 0.0 0.0 0.0 0.9997516411215159 0.0 0.0 0.0 0.0 0.0 0.0
0.0 0.0 0.0 0.0 0.9999999987361521 0.0
0.0 0.0 0.0 0.0 0.0 0.0 0.0 0.0 0.0 0.0 0.0 0.0 0.0 0.0 0.0 0.0 0.0 0.0
0.0 0.0 0.0 0.0 0.9999999986509633 0.0
0.0 0.0 0.0 0.0 0.9999982045804385 0.0 0.0
0.0 0.0 0.0 0.0 0.47794410604438264 0.0 0.0 0.0 0.0 0.0 0.5220558933188798 0.0
0.0 0.0 0.0 0.0 0.0 0.0 0.0 0.0 0.0 0.0 0.9999999987780086
0.0 0.0 0.0 0.0 0.0009007432806315562 0.0 0.0 0.0 0.0 0.0 0.9990992554755662 0.0
0.0 0.0 0.0 0.0 0.9999999987699376 0.0 0.0
0.0 0.0 0.0 0.0 0.0 0.0 0.0 0.0
0.0 0.0 0.0 0.0 0.0 0.0 0.0 0.0 0.0 0.0 0.9999999987807296
0.0 0.0 0.0 0.0 0.0 0.0 0.0 0.0 0.0 0.0 0.9999999987870688 0.0 0.0 0.0 0.0 0.0 0.0
0.0 0.0 0.0 0.0 0.0 0.0 0.0 0.0 0.0 0.0 0.9999999987854435 0.0 0.0 0.0 0.0 0.0 0.0 0.0 0.0 0.0 0.0 0.0
0.0 0.0 0.0 0.0 0.0 0.0 0.0 0.0 0.0 0.0 0.999999998774962 0.0 0.0 0.0 0.0 0.0 0.0 0.0 0.0 0.0 0.0 0.0 0.0 0.0 0.0 0.0 0.0 0.0 0.0 0.0 0.0 0.0 0.0 0.0 0.0
0.0 0.0 0.0 0.0 0.0006807938640049777 0.0 0.0 0.0 0.0 0.0 0.9993192049066769 0.0 0.0 0.0 0.0 0.0 0.0 0.0 0.0
0.0 0.0 0.0 0.0 0.001609191820000643 0.0 0.0 0.0 0.0 0.0 0.9983908069557743 0.0 0.0 0.0 0.0 0.0 0.0 0.0 0.0 0.0 0.0 0.0 0.0
0.0 0.0 0.0 0.0 0.0 0.0 0.0 0.0 0.0 0.0 0.9999999987745771 0.0 0.0 0.0 0.0 0.0
0.0 0.0 0.0 0.0 0.0 0.0 0.0 0.0 0.0 0.0 0.9999999987862508 0.0 0.0 0.0 0.0 0.0 0.0 0.0 0.0 0.0 0.0 0.0 0.0 0.0 0.0 0.0 0.0 0.0 0.0 0.0
0.0 0.0 0.0 0.0 0.001523483082047264 0.0 0.0 0.0 0.0 0.0 0.9984765156991942 0.0 0.0 0.0 0.0
0.0 0.0 0.0 0.0 0.002378987924151069 0.0 0.0 0.0 0.0 0.0 0.9976210108551529 0.0
0.0 0.0 0.0 0.0 0.0017460744000932537 0.0 0.0 0.0 0.0 0.0 0.9982539243818784 0.0 0.0 0.0 0.0 0.0 0.0 0.0 0.0 0.0 0.0 0.0 0.0 0.0 0.0 0.0 0.0 0.0 0.0 0.0 0.0 0.0 0.0 0.0 0.0 0.0
0.0 0.0 0.0 0.0 0.0 0.0 0.0 0.0 0.0 0.0 0.9999999987852206 0.0 0.0 0.0 0.0 0.0
0.0 0.0 0.0 0.0 0.0008174009602073272 0.0 0.0 0.0 0.0 0.0 0.999182597821554 0.0 0.0 0.0 0.0 0.0 0.0 0.0 0.0
0.0 0.0 0.0 0.0 0.0 0.0 0.0 0.0 0.0 0.0 0.99999999878545 0.0 0.0 0.0 0.0
0.0 0.0 0.0 0.0 0.9999999987581251 0.0 0.0 0.0 0.0 0.0 0.0 0.0 0.0 0.0 0.0 0.0 0.0 0.0 0.0 0.0 0.0 0.0 0.0 0.0 0.0 0.0
0.0 0.0 0.0 0.0 0.0 0.0 0.0 0.0 0.0 0.0 0.9999999987811787 0.0
0.0 0.0 0.0 0.0 0.0001696111233549382 0.0 0.0 0.0 0.0 0.0 0.9998303876462806 0.0 0.0 0.0 0.0 0.0 0.0 0.0 0.0 0.0 0.0 0.0 0.0 0.0
0.0 0.0 0.0
0.0 0.0 0.0 0.0 0.0 0.0 0.0 0.0 0.0 0.0 0.9999999987832663 0.0 0.0
0.0 0.0 0.0 0.0 0.0 0.0 0.0
0.0 0.0 0.0 0.0 0.0 0.0 0.0 0.0 0.0 0.0 0.9999999987797773 0.0 0.0 0.0 0.0 0.0 0.0 0.0 0.0 0.0 0.0 0.0 0.0 0.0
0.0 0.0 0.0 0.0 0.44865587189762646 0.0 0.0 0.0 0.0 0.0 0.5513441274265324 0.0 0.0 0.0 0.0 0.0 0.0 0.0 0.0 0.0 0.0 0.0 0.0 0.0 0.0 0.0 0.0 0.0 0.0
0.0 0.0 0.0 0.0 0.9999977741166157 0.0 0.0 0.0
0.0 0.0 0.0 0.0 0.002000029019168448 0.0 0.0 0.0 0.0 0.0 0.9979999697639577 0.0 0.0 0.0 0.0 0.0 0.0 0.0 0.0 0.0 0.0
0.0 0.0 0.0022261760098291404 0.0 0.45275249043265126 0.0 0.0 0.0 0.0 0.0 0.5450213328960635 0.0 0.0 0.0 0.0 0.0 0.0 0.0 0.0
0.0 0.0 0.0 0.0 0.9999999728828485 0.0
0.0 0.0 0.0 0.0 0.0002445062800059504 0.0 0.0 0.0 0.0 0.0 0.9997554925068383 0.0 0.0 0.0 0.0 0.0 0.0 0.0 0.0 0.0
0.0 0.0 0.0 0.0 0.9999999985629509 0.0 0.0 0.0 0.0
0.0 0.0 0.0 0.0 0.0014962339796409112 0.0 0.0 0.0 0.0 0.0 0.998503764804676
0.0 0.0 0.0 0.0 0.0 0.0 0.0 0.0 0.0 0.0 0.9999999987785951 0.0 0.0 0.0
0.0 0.0 0.0 0.0 0.001021881409783665 0.0 0.0 0.0 0.0 0.0 0.9989781173619259 0.0 0.0 0.0 0.0 0.0 0.0 0.0
0.0 0.0 0.0 0.0 0.027040782487002014 0.0 0.0 0.0 0.0 0.0 0.9729592163340918 0.0 0.0
0.0 0.0 0.0 0.0 0.0 0.0 0.0 0.0 0.0 0.0 0.9999999987668561 0.0 0.0 0.0 0.0 0.0 0.0 0.0 0.0 0.0 0.0 0.0 0.0 0.0
0.0 0.0 0.0 0.0 0.9999993162173949 0.0
0.0 0.0 0.0 0.0 0.0 0.0 0.0 0.0 0.0 0.0 0.0 0.0 0.0 0.0
0.0 0.0 0.0 0.0 0.0 0.0 0.0 0.0 0.0 0.0 0.9999999987838932 0.0 0.0 0.0 0.0 0.0 0.0
0.0 0.0 0.0 0.0 6.721823468299276e-05 0.0 0.0 0.0 0.0 0.0 0.9999327805360108 0.0 0.0
0.0 0.0 0.0 0.0 0.0 0.0 0.0 0.0 0.0 0.0 0.9999999987750281 0.0
0.0 0.0 0.0 0.0 0.001137783569891254 0.0 0.0 0.0 0.0 0.0 0.998862215208506 0.0 0.0 0.0 0.0 0.0
0.0 0.0 0.0 0.0 0.0004910604013948855 0.0 0.0 0.0 0.0 0.0 0.9995089383772084
0.0 0.0 0.0 0.0 0.0 0.0
0.0 0.0 0.0 0.0 0.0010258108426228448 0.0 0.0 0.0 0.0 0.0 0.9989741879426182 0.0 0.0 0.0 0.0
0.0 0.0 0.0 0.0 0.0 0.0 0.0 0.0 0.0 0.0 0.999999998772135 0.0 0.0 0.0 0.0 0.0 0.0 0.0 0.0 0.0 0.0 0.0 0.0 0.0 0.0
0.0 0.0 0.0 0.0 0.0023050532897559146 0.0 0.0 0.0 0.0 0.0 0.9976949454892023 0.0 0.0 0.0 0.0 0.0 0.0 0.0 0.0 0.0 0.0 0.0
0.0 0.0 0.0 0.0 0.0 0.0 0.0 0.0 0.0 0.0 0.9999999987552137 0.0 0.0
0.0 0.0 0.0 0.0 0.9999999978894258 0.0
0.0 0.0 0.0 0.0 0.0018853282754331619 0.0 0.0 0.0 0.0 0.0 0.9981146705156239 0.0 0.0 0.0 0.0 0.0 0.0 0.0 0.0
0.0 0.0 0.0 0.0 0.0 0.0 0.0 0.0 0.0 0.0 0.9999999987832784 0.0 0.0 0.0 0.0 0.0 0.0 0.0 0.0
0.0 0.0 0.0 0.0 0.9999999984892308
0.0 0.0 0.0 0.0 0.0 0.0 0.0 0.0 0.0 0.0 0.9999999987858456 0.0 0.0 0.0
0.0 0.0 0.0 0.0 0.0 0.0 0.0 0.0 0.0 0.0 0.9999999987751592 0.0 0.0
0.0 0.0 0.0 0.0
0.0 0.0 0.0 0.0 0.0009584517968450737 0.0 0.0 0.0 0.0 0.0 0.9990415469759552 0.0 0.0 0.0 0.0 0.0 0.0 0.0 0.0 0.0 0.0
0.0 0.0 0.0 0.0 0.999999338731639 0.0 0.0 0.0
0.0 0.0 0.0 0.0 0.0 0.0 0.0 0.0 0.0 0.0 0.9999999987773263 0.0
0.0 0.0 0.0 0.0 0.9999999984461829 0.0 0.0
0.0 0.0 0.0 0.0 0.0 0.0 0.0 0.0
0.0 0.0 0.000564027347591137 0.0 0.9994359714269541 0.0
0.0 0.0 0.0 0.0 0.0 0.0 0.0 0.0 0.0 0.0 0.99999999875927 0.0 0.0 0.0
0.0 0.0 0.0 0.0 0.0017171921278500127 0.0 0.0 0.0 0.0 0.0 0.9982828066457812 0.0 0.0 0.0
0.0 0.0 0.0 0.0 0.0 0.0 0.0 0.0 0.0 0.0 0.9999999987468047 0.0 0.0 0.0 0.0 0.0 0.0 0.0 0.0 0.0 0.0 0.0 0.0 0.0 0.0
0.0 0.0 0.0 0.0 0.00016754873357775283 0.0 0.0 0.0 0.0 0.0 0.9998324500436497 0.0 0.0
0.0 0.0 0.0 0.0 0.0 0.0 0.0 0.0 0.0 0.0 0.9999999987769803 0.0 0.0 0.0 0.0 0.0 0.0 0.0 0.0
0.0 0.0 0.0 0.0 0.0 0.0 0.0 0.0 0.0 0.0 0.9999999987783429 0.0
0.0 0.0 0.0 0.0 0.0 0.0 0.0 0.0 0.0 0.0 0.0 0.0 0.0 0.0 0.0 0.0 0.0 0.0 0.0 0.0 0.0 0.0 0.0 0.0
0.0 0.0 0.0 0.0 0.9999893647939329 0.0 0.0 0.0 0.0
0.0 0.0 0.0 0.0 0.00012260885709797125 0.0 0.0 0.0 0.0 0.0 0.9998773899220643 0.0 0.0 0.0 0.0 0.0 0.0
0.0 0.0 0.0 0.0 0.9999999987253767 0.0
0.0 0.0 0.0 0.0 0.0 0.0 0.0 0.0 0.0 0.0 0.9999999987872109 0.0 0.0 0.0 0.0 0.0 0.0
0.0 0.0 0.0 0.0 0.00022286688436706306 0.0 0.0 0.0 0.0 0.0 0.9997771318608799 0.0 0.0 0.0 0.0
0.0 0.0 0.0 0.0 0.0007835964368987232 0.0 0.0 0.0 0.0 0.0 0.9992164023360414 0.0 0.0 0.0 0.0 0.0 0.0 0.0 0.0 0.0 0.0 0.0 0.0 0.0 0.0 0.0 0.0 0.0 0.0 0.0 0.0 0.0 0.0 0.0 0.0 0.0 0.0 0.0 0.0 0.0
0.0 0.0 0.0 0.0 7.141268822158412e-05 0.0 0.0 0.0 0.0 0.0 0.9999285860918664 0.0 0.0 0.0 0.0 0.0 0.0 0.0 0.0 0.0 0.0 0.0 0.0 0.0 0.0 0.0
0.0 0.0 0.0 0.0 0.002136916045778155 0.0 0.0 0.0 0.0 0.0 0.9978630827289536 0.0 0.0 0.0 0.0 0.0 0.0 0.0 0.0 0.0 0.0 0.0 0.0 0.0 0.0 0.0 0.0 0.0 0.0 0.0 0.0 0.0 0.0 0.0 0.0
0.0 0.0 0.0 0.0 0.0 0.0 0.0 0.0 0.0 0.0 0.9999999987808369
0.0 0.0 0.0 0.0
0.0 0.0 0.0 0.0 0.0 0.0 0.0 0.0 0.0 0.0 0.9999999987877811
0.0 0.0 0.0 0.0 0.0015624182992376998 0.0 0.0 0.0 0.0 0.0 0.9984375804859659 0.0 0.0 0.0 0.0 0.0 0.0
0.0 0.0 0.0 0.0 0.0 0.0 0.0 0.0 0.0 0.0 0.0 0.0 0.0 0.0 0.0 0.0 0.0 0.0 0.0 0.0 0.0 0.0
0.0 0.0 0.0 0.0 0.0001865477874126199 0.0 0.0 0.0 0.0 0.0 0.9998134509902964 0.0 0.0 0.0 0.0 0.0 0.0 0.0
0.0 0.0 0.0 0.0 0.0012859138138222772 0.0 0.0 0.0 0.0 0.0 0.9987140849583256 0.0 0.0
0.0 0.0 0.0 0.0 0.9999989695544813 0.0 0.0 0.0 0.0
0.0 0.0 0.0 0.0 0.0 0.0 0.0 0.0 0.0 0.0 0.9999999987721131 0.0 0.0 0.0
0.0 0.0 0.0 0.0 0.0 0.0 0.0 0.0 0.0 0.0 0.9999999987867856 0.0 0.0 0.0 0.0 0.0 0.0
0.0 0.0 0.0 0.0 0.0 0.0 0.0 0.0 0.0 0.0 0.9999999987675677 0.0
0.0 0.0 0.0 0.0 0.0 0.0 0.0 0.0 0.0 0.0 0.9999999987803164
0.0 0.0 0.0 0.0 0.0005929510595363556 0.0 0.0 0.0 0.0 0.0 0.9994070477168673
0.0 0.0 0.0 0.0 0.46494123267169546 0.0 0.0 0.0 0.0 0.0 0.535058766672748 0.0 0.0 0.0 0.0 0.0 0.0
0.0 0.0 0.0 0.0 0.0
0.0 0.0 0.0 0.0 0.0 0.0 0.0 0.0 0.0 0.0 0.0 0.0 0.0 0.0 0.0
0.0 0.0 0.0 0.0 0.9999999987659692 0.0 0.0 0.0
0.0 0.0 0.0 0.0 0.4205491003265331 0.0 0.0 0.0 0.0 0.0 0.5794508989661726 0.0 0.0 0.0 0.0 0.0 0.0 0.0
0.0 0.0 0.0 0.0 0.002095864191062994 0.0 0.0 0.0 0.0 0.0 0.9979041345865858 0.0
0.0 0.0 0.0 0.0 0.0008767389750365182 0.0 0.0 0.0 0.0 0.0 0.9991232597982543 0.0 0.0 0.0 0.0 0.0 0.0 0.0 0.0 0.0 0.0 0.0 0.0 0.0 0.0 0.0
0.0 0.0 0.0 0.0 0.0 0.0 0.0 0.0 0.0 0.0 0.9999999987826789 0.0 0.0 0.0 0.0 0.0 0.0 0.0 0.0 0.0 0.0
0.0 0.0 0.0 0.0 0.9999980373833538 0.0 0.0
0.0 0.0 0.0 0.0 0.0 0.0 0.0 0.0 0.0 0.0 0.9999999987807051 0.0 0.0
0.0 0.0 0.0 0.0 0.0011398552237700573 0.0 0.0 0.0 0.0 0.0 0.998860143553171 0.0 0.0 0.0
0.0 0.0 0.0 0.0 0.0 0.0 0.0 0.0 0.0 0.0 0.9999999987755218 0.0
0.0 0.0 0.0 0.0 0.0 0.0 0.0 0.0 0.0 0.0 0.9999999987780851 0.0 0.0
0.0 0.0 0.0 0.0 0.0 0.0
0.0 0.0 0.0 0.0 0.0 0.0 0.0 0.0 0.0 0.0 0.9999999987727093 0.0 0.0 0.0 0.0
0.0 0.0 0.0 0.0 0.0 0.0 0.0 0.0 0.0 0.0 0.0 0.0 0.0 0.0 0.0 0.0 0.0 0.0 0.0 0.0 0.0 0.0 0.0 0.0 0.0 0.0 0.0 0.0 0.0 0.0 0.0 0.0 0.0 0.0 0.0 0.0 0.0
0.0 0.0 0.0 0.0 0.002516961297110345 0.0 0.0 0.0 0.0 0.0 0.9974830374713626
0.0 0.0 0.0 0.0 0.4615604488765262 0.0 0.0 0.0 0.0 0.0 0.5384395504706575 0.0 0.0 0.0 0.0 0.0 0.0
0.0 0.0 0.0 0.0 0.0020180378305246736 0.0 0.0 0.0 0.0 0.0 0.9979819609495524 0.0 0.0 0.0 0.0 0.0 0.0 0.0 0.0 0.0 0.0 0.0 0.0 0.0 0.0 0.0 0.0 0.0 0.0 0.0 0.0 0.0 0.0 0.0 0.0 0.0 0.0 0.0 0.0 0.0 0.0 0.0 0.0 0.0 0.0 0.0 0.0 0.0 0.0 0.0
0.0 0.0 0.0 0.0 0.0 0.0
0.0 0.0 0.0 0.0 0.0 0.0 0.0 0.0 0.0 0.0 0.9999999987714902 0.0
0.0 0.0 0.0 0.0 0.00010195346959402529 0.0 0.0 0.0 0.0 0.0 0.9998980453003868 0.0
0.0 0.0 0.0 0.0 0.005393039947869593 0.0 0.0 0.0 0.0 0.0 0.994606958846397 0.0 0.0 0.0 0.0 0.0 0.0
0.0 0.0 0.0 0.0 0.9999994992765805 0.0 0.0 0.0 0.0
0.0 0.0 0.0 0.0 0.0 0.0 0.0 0.0 0.0 0.0 0.9999999987886717 0.0 0.0 0.0
0.0 0.0 0.0 0.0 0.0 0.0
0.0 0.0 0.0 0.0 0.0005113837185746621 0.0 0.0 0.0 0.0 0.0 0.9994886150479274 0.0 0.0 0.0 0.0 0.0 0.0 0.0 0.0 0.0 0.0 0.0 0.0 0.0 0.0 0.0 0.0 0.0 0.0 0.0 0.0 0.0 0.0 0.0
0.0 0.0 0.0 0.0 0.4933569691870673 0.0 0.0 0.0 0.0 0.0 0.5066430301952295
0.0 0.0 0.0
0.0 0.0 0.0 0.0 0.0017425864596353913 0.0 0.0 0.0 0.0 0.0 0.9982574123127584 0.0 0.0 0.0 0.0 0.0 0.0 0.0 0.0 0.0 0.0
0.0 0.0 0.0 0.0 0.0 0.0 0.0 0.0 0.0 0.0 0.0 0.0 0.0 0.0 0.0 0.0
0.0 0.0 0.0 0.0 1.6172919763697452e-05 0.0 0.0 0.0 0.0 0.0 0.9999838258576553 0.0 0.0 0.0 0.0 0.0 0.0 0.0 0.0 0.0 0.0 0.0 0.0
0.0 0.0 0.0 0.0 0.0005251492042797812 0.0 0.0 0.0 0.0 0.0 0.9994748495816035 0.0 0.0 0.0
0.0 0.0 0.0
0.0 0.0 0.0 0.0 0.0 0.0 0.0 0.0 0.0 0.0 0.9999999987844056 0.0 0.0 0.0 0.0 0.0 0.0 0.0 0.0
0.0 0.0 0.0 0.0 0.0 0.0 0.0 0.0 0.0 0.0 0.999999998785801 0.0 0.0 0.0 0.0 0.0 0.0
0.0 0.0 0.0 0.0 0.0 0.0 0.0 0.0 0.0 0.0 0.0 0.0 0.0 0.0 0.0 0.0 0.0 0.0 0.0 0.0 0.0 0.0 0.0 0.0 0.0 0.0 0.0 0.0 0.0
0.0 0.0 0.0 0.0
0.0 0.0 0.0 0.0 0.0 0.0 0.0 0.0
0.0 0.0 0.0 0.0 0.0 0.0 0.0 0.0 0.0 0.0 0.9999999987479753
0.0 0.0 0.0 0.0 0.0 0.0 0.0 0.0 0.0 0.0 0.9999999987744994 0.0 0.0 0.0 0.0 0.0 0.0 0.0 0.0
0.0 0.0 0.0 0.0 0.0 0.0 0.0 0.0 0.0 0.0 0.9999999987806982 0.0 0.0 0.0 0.0
0.0 0.0 0.0 0.0 0.999991560031743 0.0 0.0 0.0
0.0 0.0 0.0 0.0 0.0 0.0 0.0 0.0 0.0 0.0 0.9999999987775504 0.0 0.0 0.0
0.0 0.0 0.0 0.0 0.0 0.0 0.0 0.0 0.0 0.0 0.9999999987744871 0.0 0.0 0.0 0.0 0.0 0.0 0.0 0.0 0.0 0.0 0.0
0.0 0.0 0.0 0.0 0.0 0.0 0.0 0.0 0.0 0.0 0.9999999987772524 0.0
0.0 0.0 0.0 0.0 0.0 0.0 0.0
0.0 0.0 0.0 0.0 0.0 0.0 0.0 0.0
0.0 0.0 0.0 0.0 0.4896107413951921 0.0 0.0 0.0 0.0 0.0 0.5103892579849609 0.0
0.0 0.0 0.0 0.0 0.2949182066717136 0.0 0.0 0.0 0.0 0.0 0.7050817924553058 0.0
0.0 0.0 0.0 0.0 0.9999910153949789 0.0 0.0 0.0 0.0
0.0 0.0 0.0 0.0 0.0 0.0 0.0 0.0 0.0 2.529707347393451e-05 0.9999747016873598 0.0 0.0 0.0 0.0 0.0 0.0 0.0 0.0 0.0
0.0 0.0 0.0 0.0 8.718836734252672e-05 0.0 0.0 0.0 0.0 0.0 0.9999128104059449
0.0 0.0 0.0 0.0 0.0 0.0 0.0 0.0 0.0 0.0 0.9999999987803606 0.0
0.0 0.0 0.0 0.0 0.0 0.0 0.0 0.0
0.0 0.0 0.0 0.0 0.9999999987698993 0.0 0.0 0.0 0.0 0.0 0.0 0.0 0.0 0.0 0.0 0.0 0.0
0.0 0.0 0.0 0.0 0.9999999984839333 0.0 0.0 0.0
0.0 0.0 0.0 0.0 0.0 0.0 0.0 0.0 0.0 0.0 0.9999999987767288
0.0 0.0 0.0 0.0 0.001281976265002785 0.0 0.0 0.0 0.0 0.0 0.9987180224808686 0.0 0.0 0.0 0.0 0.0 0.0 0.0 0.0 0.0 0.0 0.0 0.0 0.0 0.0 0.0 0.0 0.0 0.0 0.0 0.0 0.0 0.0 0.0 0.0 0.0 0.0 0.0 0.0 0.0 0.0 0.0 0.0 0.0
0.0 0.0 0.0 0.0 0.9999994608758385 0.0 0.0
0.0 0.0 0.0 0.0 0.0 0.0
0.0 0.0 0.0 0.0 0.0 0.0 0.0 0.0 0.0 0.0 0.9999999987829621 0.0 0.0 0.0 0.0 0.0
0.0 0.0 0.0 0.0 0.9999999987854592
0.0 0.0 0.0 0.0 0.999999998733274 0.0 0.0 0.0
0.0 0.0 0.0 0.0 0.0007188760087663289 0.0 0.0 0.0 0.0 0.00016545222958822334 0.9991156705397558 0.0 0.0 0.0 0.0 0.0 0.0 0.0 0.0 0.0 0.0 0.0
0.0 0.0 0.0 0.0 0.9999995040684997 0.0 0.0
0.0 0.0 0.0 0.0 0.0 0.0 0.0 0.0 0.0 0.0 0.9999999987727702 0.0
0.0 0.0 0.0 0.0 0.0012049265973119998 0.0 0.0 0.0 0.0 0.0 0.9987950721715999 0.0 0.0 0.0 0.0 0.0
0.0 0.0 0.00019345077748138842 0.0 0.9998065478084829 0.0
0.0 0.0 0.0 0.0 0.0 0.0 0.0 0.0 0.0 0.0 0.9999999987749966 0.0 0.0 0.0 0.0 0.0 0.0 0.0 0.0 0.0 0.0 0.0 0.0 0.0 0.0 0.0 0.0 0.0 0.0 0.0 0.0 0.0 0.0
0.0 0.0 0.0 0.0 0.0 0.0 0.0 0.0 0.0 0.0 0.9999999987858631 0.0 0.0 0.0 0.0 0.0 0.0 0.0 0.0 0.0 0.0 0.0 0.0
0.0 0.0 0.0 0.0 0.0 0.0 0.0 0.0 0.0 0.0 0.9999999987778078 0.0
0.0 0.0 0.0 0.0 0.999999998567942
0.0 0.0 0.0 0.0 0.0004845815339823968 0.0 0.0 0.0 0.0 0.0 0.999515417248142 0.0 0.0 0.0
0.0 0.0 0.0 0.0 0.001954856605912418 0.0 0.0 0.0 0.0 0.0 0.9980451421713037 0.0 0.0 0.0 0.0 0.0
0.0 0.0 0.0 0.0 0.0
0.0 0.0 0.0 0.0
0.0 0.0 0.0 0.0 0.002591324639297904 0.0 0.0 0.0 0.0 0.0 0.9974086741519178 0.0 0.0 0.0
0.0 0.0 0.0 0.0 0.0 0.0 0.0 0.0 0.0 0.0 0.0 0.0 0.0 0.0 0.0 0.0 0.0 0.0 0.0 0.0 0.0 0.0 0.0 0.0 0.0 0.0 0.0 0.0 0.0 0.0
0.0 0.0 0.0 0.0 0.00017648183615040082 0.0 0.0 0.0 0.0 0.0 0.9998235169429337 0.0 0.0 0.0
0.0 0.0 0.0 0.0 0.0 0.0 0.0 0.0 0.0 0.0 0.9999999987747669 0.0 0.0 0.0 0.0 0.0 0.0 0.0 0.0 0.0 0.0 0.0 0.0 0.0 0.0 0.0
0.0 0.0 0.0 0.0 0.009512025545019127 0.0 0.0 0.0 0.0 0.0 0.9904879732536309 0.0 0.0 0.0 0.0 0.0 0.0 0.0 0.0 0.0 0.0
0.0 0.0 0.0 0.0 0.0002718983312357202 0.0 0.0 0.0 0.0 0.0 0.9997281004460965 0.0 0.0 0.0 0.0 0.0 0.0
0.0 0.0 0.0 0.0 0.00032121747899711996 0.0 0.0 0.0 0.0 0.0 0.9996787812886196 0.0 0.0 0.0 0.0 0.0 0.0 0.0 0.0 0.0 0.0 0.0 0.0
0.0 0.0 0.0 0.0 0.00044357280484753724 0.0 0.0 0.0 0.0 0.0 0.9995564259616941 0.0 0.0 0.0 0.0 0.0 0.0 0.0
0.0 0.0 0.0 0.0 0.0024297184829169772 0.0 0.0 0.0 0.0 0.0 0.997570280297296
0.0 0.0 0.0 0.0 0.0 0.0 0.0 0.0 0.0 0.0 0.9999999987788148 0.0 0.0 0.0 0.0 0.0
0.0 0.0 0.0 0.0 0.0 0.0 0.0 0.0 0.0 0.0 0.9999999987869163 0.0 0.0 0.0 0.0 0.0 0.0 0.0 0.0 0.0 0.0 0.0 0.0 0.0
0.0 0.0 0.0 0.0 0.9999999987624801 0.0
0.0 0.0 0.0 0.0 0.00223992427008045 0.0 0.0 0.0 0.0 0.0 0.9977600745004439 0.0 0.0
0.0 0.0 0.0 0.0 0.0 0.0 0.0 0.0 0.0 0.0 0.9999999987805094 0.0 0.0 0.0 0.0 0.0
0.0 0.0 0.0 0.0 0.0 0.0 0.0 0.0 0.0 0.0 0.9999999987823593 0.0 0.0 0.0 0.0 0.0 0.0 0.0 0.0
0.0 0.0 0.0
0.0 0.0 0.0 0.0 0.001022845971314732 0.0 0.0 0.0 0.0 0.0 0.9989771527927939 0.0 0.0 0.0 0.0 0.0 0.0 0.0 0.0 0.0 0.0
0.0 0.0 0.0 0.0 0.0 0.0 0.0 0.0 0.0 0.0 0.9999999987715594 0.0 0.0 0.0 0.0 0.0 0.0 0.0
0.0 0.0 0.0 0.0 0.0 0.0 0.0 0.0 0.0 0.0 0.0 0.0 0.0 0.0 0.0 0.0 0.0 0.0 0.0 0.0 0.0 0.0 0.0 0.0 0.0 0.0 0.0 0.0 0.0
0.0 0.0 0.0 0.0 0.0 0.0 0.0 0.0
0.0 0.0 0.0 0.0 0.00010138763092368958 0.0 0.0 0.0 0.0 0.0 0.99989861114775 0.0 0.0 0.0 0.0 0.0 0.0
0.0 0.0 0.0 0.0 0.5000935704930646 0.0 0.0 0.0 0.0 0.0 0.49990642889740033 0.0 0.0
0.0 0.0 0.0 0.0 0.00031608326247760155 0.0 0.0 0.0 0.0 0.0 0.9996839155038548 0.0 0.0 0.0 0.0 0.0 0.0
0.0 0.0 0.0 0.0 0.0 0.0
0.0 0.0 0.0 0.0 0.0 0.0 0.0 0.0 0.0 0.0 0.9999999987755319 0.0 0.0 0.0 0.0 0.0 0.0 0.0 0.0 0.0 0.0 0.0 0.0 0.0 0.0
0.0 0.0 0.0 0.0 0.001411221852479268 0.0 0.0 0.0 0.0 0.0 0.9985887769233504 0.0 0.0 0.0 0.0 0.0 0.0 0.0 0.0 0.0 0.0 0.0 0.0 0.0 0.0
0.0 0.0 0.0 0.0 4.6522753488226354e-05 0.0 0.0 0.0 0.0 0.0 0.999953476021923 0.0 0.0 0.0 0.0 0.0 0.0 0.0 0.0 0.0
0.0 0.0 0.0 0.0 0.9999999987854397 0.0
0.0 0.0 0.0 0.0 0.3259260249777975 0.0 0.0 0.0 0.0 0.0 0.6740739741874671 0.0
0.0 0.0 0.0 0.0 0.0008847165233481387 0.0 0.0 0.0 0.0 0.0 0.9991152822557716 0.0 0.0 0.0
0.0 0.0 0.0 0.0 0.9999968612582176 0.0
0.0 0.0 0.0 0.0 0.0 0.0 0.0 0.0 0.0 0.0 0.0 0.0 0.0 0.0 0.0 0.0 0.0 0.0 0.0 0.0 0.0 0.0 0.0 0.0 0.0 0.0 0.0 0.0 0.0 0.0 0.0 0.0
0.0 0.0 0.0 0.0 0.9999990027188018 0.0 0.0 0.0
0.0 0.0 0.0 0.0 0.0 0.0 0.0 0.0 0.0 0.0 0.0 0.0 0.0 0.0 0.0
0.0 0.0 0.0 0.0 0.0 0.0 0.0 0.0 0.0 0.0 0.9999999987692931 0.0 0.0 0.0 0.0 0.0 0.0 0.0 0.0 0.0 0.0 0.0 0.0 0.0
0.0 0.0 0.0 0.0 0.0 0.0 0.0 0.0 0.0 0.0 0.9999999987732797
0.0 0.0 0.0 0.0 0.0 0.0 0.0 0.0 0.0 0.0 0.9999999987738091 0.0 0.0 0.0 0.0 0.0
0.0 0.0 0.0 0.0 0.0 0.0 0.0 0.0 0.0 0.0 0.999999998781617 0.0 0.0 0.0 0.0
0.0 0.0 0.0 0.0 0.00011109673177019643 0.0 0.0 0.0 0.0 0.0 0.9998889020291447
0.0 0.0 0.0 0.0 0.002644222465589266 0.0 0.0 0.0 0.0 0.0 0.9973557763154463 0.0 0.0 0.0 0.0 0.0 0.0 0.0 0.0 0.0
0.0 0.0 0.0 0.0 0.0 0.0 0.0 0.0 0.0 0.0 0.9999999987654336 0.0 0.0 0.0 0.0 0.0 0.0 0.0 0.0 0.0 0.0 0.0 0.0
0.0 0.0 0.0 0.0 0.9999992090026206 0.0 0.0
0.0 0.0 0.0 0.0 0.0005169969358860139 0.0 0.0 0.0 0.0 0.0 0.9994830018507025 0.0 0.0 0.0 0.0 0.0 0.0 0.0 0.0 0.0 0.0 0.0 0.0 0.0 0.0 0.0 0.0 0.0 0.0
0.0 0.0 0.0 0.0 0.0 0.0 0.0 0.0 0.0 0.0 0.9999999987773179 0.0 0.0 0.0 0.0 0.0
0.0 0.0 0.0 0.0 0.0005213110935554482 0.0 0.0 0.0 0.0 0.0 0.9994786876844354 0.0
0.0 0.0 0.0 0.0 0.00021253744107813506 0.0 0.0 0.0 0.0 0.0 0.9997874613316414 0.0
0.0 0.0 0.0 0.0 0.002301790283181416 0.0 0.0 0.0 0.0 0.0 0.9976982084900539 0.0 0.0 0.0 0.0 0.0
0.0 0.0 0.0 0.0 0.0 0.0 0.0 0.0 0.0 0.0 0.9999999987851007 0.0 0.0 0.0
0.0 0.0 0.0 0.0 0.0003296298093871466 0.0 0.0 0.0 0.0 0.0 0.9996703689572272 0.0 0.0 0.0 0.0 0.0 0.0 0.0 0.0 0.0 0.0 0.0 0.0 0.0 0.0 0.0 0.0 0.0 0.0 0.0 0.0 0.0
0.0 0.0 0.0 0.0 0.001373950398264224 0.0 0.0 0.0 0.0 0.0 0.9986260483800667
0.0 0.0 0.0 0.0 0.0 0.0 0.0 0.0 0.0 0.0 0.9999999987779722 0.0 0.0 0.0 0.0 0.0 0.0 0.0 0.0
0.0 0.0 0.0 0.0 0.0 0.0
0.0 0.0 0.0 0.0 0.0 0.0 0.0 0.0 0.0 0.0 0.999999998779498 0.0 0.0 0.0 0.0 0.0 0.0 0.0 0.0 0.0 0.0 0.0 0.0 0.0 0.0 0.0 0.0 0.0 0.0 0.0 0.0 0.0
0.0 0.0 0.0 0.0 0.0004172172730114 0.0 0.0 0.0 0.0 0.0 0.9995827815022802 0.0 0.0 0.0 0.0 0.0 0.0 0.0 0.0 0.0 0.0
0.0 0.0 0.0 0.0 0.9999999987725793 0.0
0.0 0.0 0.006102970839307923 0.0 0.9938970096548846 0.0 0.0 0.0 0.0
0.0 0.0 0.0 0.0 0.0 0.0 0.0
0.0 0.0 0.0 0.0 0.4990932359165374 0.0 0.0 0.0 0.0 0.0 0.5009067634758794 0.0 0.0 0.0 0.0 0.0 0.0 0.0 0.0 0.0 0.0
0.0 0.0 0.0 0.0 0.0 0.0 0.0 0.0 0.0 0.0 0.9999999987766542 0.0 0.0
0.0 0.0 0.0 0.0 0.0 0.0 0.0 0.0 0.0 0.0 0.999999998774774 0.0 0.0 0.0 0.0 0.0 0.0 0.0 0.0 0.0 0.0 0.0 0.0
0.0 0.0 0.0 0.0 0.47217185247947063 0.0 0.0 0.0 0.0 0.0 0.5278281468756102 0.0 0.0 0.0 0.0
0.0 0.0 0.0 0.0 0.42953334532068665 0.0 0.0 0.0 0.0 0.0 0.5704666539824357 0.0 0.0 0.0 0.0 0.0 0.0 0.0 0.0 0.0 0.0 0.0 0.0 0.0
0.0 0.0 0.0 0.0 0.0014229986026955464 0.0 0.0 0.0 0.0 0.0 0.9985770001808669 0.0 0.0 0.0 0.0
0.0 0.0 0.0 0.0 0.0 0.0 0.0 0.0 0.0 0.0 0.0 0.0 0.0 0.0 0.0 0.0 0.0 0.0 0.0 0.0 0.0 0.0 0.0 0.0 0.0
0.0 0.0 0.0
0.0 0.0 0.0 0.0 0.9999986068347414 0.0
0.0 0.0 0.0 0.0
0.0 0.0 0.0 0.0 0.0002290049574345312 0.0 0.0 0.0 0.0 0.0 0.99977099380526 0.0 0.0 0.0 0.0 0.0 0.0 0.0 0.0 0.0 0.0 0.0 0.0 0.0 0.0 0.0 0.0 0.0 0.0 0.0 0.0 0.0 0.0 0.0 0.0 0.0 0.0 0.0 0.0
0.0 0.0 0.0 0.0 0.0002966712550559628 0.0 0.0 0.0 0.0 0.0 0.9997033275199466 0.0 0.0 0.0
0.0 0.0 0.0 0.0 0.0 0.0 0.0 0.0 0.0 0.0 0.9999999987783273 0.0 0.0 0.0 0.0 0.0 0.0 0.0 0.0
0.0 0.0 0.0 0.0 0.0 0.0 0.0 0.0 0.0 0.0 0.0 0.0 0.0 0.0 0.0 0.0 0.0 0.0 0.0
0.0 0.0 0.0 0.0 0.0 0.0
0.0 0.0 0.0 0.0 0.0 0.0 0.0 0.0 0.0 0.0 0.9999999987734747 0.0 0.0 0.0 0.0
0.0 0.0 0.0 0.0 0.0012330746085630988 0.0 0.0 0.0 0.0 0.0 0.9987669241617821 0.0 0.0 0.0 0.0 0.0 0.0 0.0 0.0
0.0 0.0 0.0 0.0 0.0 0.0 0.0 0.0 0.0 0.0 0.9999999987752489 0.0 0.0 0.0 0.0 0.0 0.0 0.0 0.0 0.0 0.0 0.0 0.0 0.0
0.0 0.0 0.0 0.0 0.0005993010637424037 0.0 0.0 0.0 0.0 0.0 0.9994006976951018 0.0 0.0 0.0 0.0 0.0 0.0 0.0 0.0 0.0 0.0 0.0 0.0 0.0
0.0 0.0 0.0 0.0 0.0 0.0 0.0 0.0 0.0 0.0 0.9999999987796787 0.0 0.0 0.0 0.0 0.0 0.0
0.0 0.0 0.0 0.0 0.001362869071720822 0.0 0.0 0.0 0.0 0.0 0.9986371297169688 0.0 0.0
0.0 0.0 0.0 0.0 0.001586338956875921 0.0 0.0 0.0 0.0 0.0 0.9984136598113739 0.0 0.0 0.0 0.0 0.0 0.0 0.0 0.0 0.0 0.0
0.0 0.0 0.0 0.0 0.0016865238817756305 0.0 0.0 0.0 0.0 0.0 0.998313474905274 0.0 0.0 0.0 0.0 0.0 0.0 0.0 0.0 0.0
0.0 0.0 0.0 0.0 4.6074397343557043e-05 0.0 0.0 0.0 0.0 0.0 0.9999539243766452 0.0 0.0 0.0
0.0 0.0 0.0 0.0 0.4991819492428095 0.0 0.0 0.0 0.0 0.0 0.5008180501495304 0.0 0.0
0.0 0.0 0.0 0.0 0.0 0.0 0.0 0.0 0.0 0.0 0.9999999987852629 0.0 0.0 0.0 0.0 0.0 0.0
0.0 0.0 0.0004928036416757515 0.0 0.5083546172251714 0.0 0.0 0.0 0.0 0.0 0.4911525784956915 0.0
0.0 0.0 0.0 0.0 0.0 0.0 0.0 0.0 0.0 0.0 0.0 0.0 0.0 0.0 0.0 0.0 0.0 0.0 0.0 0.0 0.0 0.0 0.0 0.0 0.0 0.0 0.0 0.0 0.0 0.0 0.0 0.0 0.0
0.0 0.0 0.0 0.0 0.0 0.0 0.0 0.0 0.0 0.0 0.9999999987843305 0.0 0.0 0.0 0.0 0.0 0.0 0.0 0.0 0.0 0.0 0.0 0.0 0.0 0.0 0.0 0.0 0.0 0.0 0.0 0.0 0.0 0.0 0.0 0.0 0.0 0.0 0.0 0.0 0.0 0.0 0.0 0.0 0.0 0.0 0.0 0.0 0.0
0.0 0.0 0.0 0.0 0.0002974404446337978 0.0 0.0 0.0 0.0 0.0 0.999702558319876 0.0 0.0 0.0
0.0 0.0 0.0 0.0 0.3946920988669145 0.0 0.0 0.0 0.0 0.0 0.6053079003989416 0.0 0.0 0.0 0.0 0.0 0.0 0.0 0.0 0.0 0.0 0.0 0.0 0.0 0.0 0.0 0.0 0.0 0.0 0.0 0.0 0.0 0.0 0.0 0.0 0.0 0.0 0.0
0.0 0.0 0.0 0.0 0.0 0.0 0.0 0.0 0.0 0.0 0.999999998779286
0.0 0.0 0.0 0.0 0.0 0.0 0.0 0.0 0.0 0.0 0.9999999987688051 0.0 0.0 0.0
0.0 0.0 0.0 0.0 0.0 0.0 0.0 0.0 0.0 0.0 0.9999999987708268 0.0 0.0 0.0 0.0
0.0 0.0 0.0 0.0 0.9999989336512505 0.0 0.0
0.0 0.0 0.0 0.0 0.008516025279667504 0.0 0.0 0.0 0.0 0.0 0.9914839735189933 0.0 0.0 0.0 0.0 0.0
0.0 0.0 0.0 0.0 0.999999711210445 0.0 0.0 0.0
0.0 0.0 0.0 0.0 0.0002284135853315134 0.0 0.0 0.0 0.0 0.0 0.9997715851830619
0.0 0.0 0.0 0.0 0.9999999987031005 0.0
0.0 0.0 0.0 0.0 0.0 0.0 0.0 0.0
0.0 0.0 0.0 0.0 0.0 0.0 0.0 0.0 0.0 0.0 0.9999999987736904
0.0 0.0 0.0 0.0 0.00038583403692754516 0.0 0.0 0.0 0.0 0.0 0.9996141647481429 0.0
0.0 0.0 0.0 0.0 0.0 0.0 0.0 0.0 0.0 0.0 0.9999999987779088 0.0 0.0 0.0 0.0 0.0 0.0 0.0 0.0
0.0 0.0 0.0 0.0 0.0 0.0 0.0 0.0 0.0 0.0 0.9999999987811492 0.0 0.0 0.0
0.0 0.0 0.0 0.0 0.0 0.0 0.0 0.0 0.0 0.0 0.9999999987851023 0.0 0.0 0.0 0.0 0.0 0.0
0.0 0.0 0.0 0.0 0.0 0.0 0.0 0.0 0.0 0.0 0.999999998782359
0.0 0.0 0.0 0.0 0.0 0.0 0.0 0.0 0.0 0.0 0.9999999987783376 0.0 0.0 0.0 0.0 0.0 0.0 0.0 0.0
0.0 0.0 0.0 0.0 0.0 0.0 0.0 0.0 0.0 0.0 0.0 0.0 0.0 0.0 0.0 0.0 0.0 0.0 0.0 0.0 0.0
0.0 0.0 0.0 0.0 0.0 0.0 0.0 0.0 0.0 0.0 0.9999999987856648 0.0 0.0 0.0 0.0 0.0 0.0 0.0 0.0 0.0 0.0 0.0 0.0 0.0 0.0 0.0 0.0 0.0 0.0 0.0 0.0 0.0 0.0
0.0 0.0 0.0 0.0 0.9999998569154107 0.0 0.0
0.0 0.0 0.0 0.0 0.0 0.0 0.0 0.0 0.0 0.0 0.9999999987833472
0.0 0.0 0.0 0.0 0.9999999987468287
0.0 0.0 0.0 0.0 0.0 0.0 0.0 0.0 0.0 0.0 0.9999999987852147 0.0 0.0
0.0 0.0 0.0 0.0 0.0 0.0 0.0 0.0 0.0 0.0 0.9999999987822603 0.0 0.0 0.0 0.0 0.0
0.0 0.0 0.0 0.0 0.0 0.0 0.0 0.0 0.0 0.0 0.9999999987732304 0.0 0.0 0.0 0.0 0.0 0.0 0.0 0.0
0.0 0.0 0.0 0.0 0.0 0.0 0.0 0.0 0.0 0.0 0.9999999987742367 0.0 0.0
0.0 0.0 0.0 0.0 0.0 0.0 0.0 0.0 0.0 0.0 0.999999998768588 0.0 0.0 0.0 0.0 0.0 0.0 0.0 0.0 0.0 0.0 0.0 0.0 0.0 0.0 0.0
0.0 0.0 0.0 0.0 0.001002533526476148 0.0 0.0 0.0 0.0 0.0 0.9989974652451177 0.0 0.0 0.0 0.0 0.0 0.0 0.0 0.0 0.0 0.0 0.0 0.0 0.0
0.0 0.0 0.0 0.0 0.0 0.0
0.0 0.0 0.0 0.0 0.0 0.0 0.0 0.0 0.0 0.0 0.999999998775252 0.0 0.0 0.0 0.0 0.0 0.0 0.0 0.0 0.0 0.0 0.0 0.0 0.0 0.0 0.0 0.0 0.0 0.0 0.0 0.0 0.0 0.0 0.0
0.0 0.0 0.0 0.0 0.0012937316812659954 0.0 0.0 0.0 0.0 0.0 0.9987062670901862 0.0 0.0 0.0 0.0 0.0 0.0 0.0 0.0
0.0 0.0 0.0 0.0 0.0006373613314526528 0.0 0.0 0.0 0.0 0.0 0.999362637439229 0.0 0.0 0.0 0.0 0.0 0.0
0.0 0.0 0.0 0.0 0.0015356539192044906 0.0 0.0 0.0 0.0 0.0 0.9984643448664077 0.0 0.0 0.0 0.0 0.0 0.0 0.0 0.0 0.0 0.0 0.0 0.0 0.0 0.0
0.0 0.0 0.0 0.0 0.0 0.0 0.0 0.0 0.0 0.0 0.9999999987834091 0.0
0.0 0.0 0.0 0.0 0.0 0.0 0.0 0.0 0.0 0.0 0.9999999987705038 0.0 0.0 0.0 0.0 0.0 0.0 0.0 0.0
0.0 0.0 0.0 0.0 0.0014422727174837043 0.0 0.0 0.0 0.0 0.0 0.998557726066937 0.0 0.0 0.0
0.0 0.0 0.0 0.0 0.0 0.0 0.0 0.0 0.0 0.0 0.999999998782129 0.0 0.0 0.0 0.0 0.0 0.0 0.0 0.0 0.0 0.0 0.0 0.0 0.0 0.0 0.0
0.0 0.0 0.0 0.0 0.0 0.0 0.0 0.0 0.0 0.0 0.9999999987795714 0.0 0.0
0.0 0.0 0.0 0.0 0.0 0.0 0.0 0.0 0.0 0.0 0.99999999878344 0.0 0.0 0.0 0.0 0.0 0.0
0.0 0.0 0.0 0.0 0.0 0.0 0.0
0.0 0.0 0.0 0.0 0.9999934236442092
0.0 0.0 0.0 0.0 0.0
0.0 0.0 0.0 0.0 0.0007644615040709053 0.0 0.0 0.0 0.0 0.0 0.9992355372740349 0.0 0.0 0.0 0.0 0.0 0.0 0.0 0.0 0.0
0.0 0.0 0.0 0.0 0.0 0.0
0.0 0.0 0.0 0.0 0.0017099666721600325 0.0 0.0 0.0 0.0 0.0 0.9982900321101077 0.0 0.0 0.0 0.0
0.0 0.0 0.0 0.0 0.9999999977350706 0.0
0.0 0.0 0.0 0.0 0.0 0.0 0.0 0.0 0.0 0.0 0.99999999877346 0.0 0.0 0.0 0.0 0.0 0.0 0.0 0.0 0.0 0.0 0.0 0.0 0.0 0.0 0.0 0.0 0.0 0.0
0.0 0.0 0.0 0.0 0.001248517523350071 0.0 0.0 0.0 0.0 0.0 0.9987514812594762 0.0
0.0 0.0 0.0 0.0 0.9999999987408097 0.0
0.0 0.0 0.0 0.0 0.0 0.0 0.0 0.0 0.0 0.0 0.9999999987847673 0.0 0.0 0.0 0.0 0.0 0.0 0.0
0.0 0.0 0.0 0.0 0.00028487419837477213 0.0 0.0 0.0 0.0 0.0 0.9997151245808734 0.0 0.0 0.0 0.0 0.0
0.0 0.0 0.0 0.0 0.0019580127506666064 0.0 0.0 0.0 0.0 0.0 0.998041986014893 0.0 0.0 0.0 0.0 0.0 0.0 0.0 0.0 0.0 0.0 0.0 0.0 0.0 0.0
0.0 0.0 0.0 0.0 0.0 0.0 0.0 0.0 0.0 0.0 0.0 0.0 0.0 0.0 0.0 0.0 0.0 0.0 0.0
0.0 0.0 0.0 0.0 0.42981899915843225 0.0 0.0 0.0 0.0 0.0 0.5701810001335622
0.0 0.0 0.0 0.0 0.9999995571923072 0.0 0.0
0.0 0.0 0.0
0.0 0.0 0.0 0.0 0.9999982097173841
0.0 0.0 0.0 0.0 0.0 0.0 0.0 0.0 0.0 0.0 0.9999999987605019 0.0
0.0 0.0 0.0 0.0 0.0016761519465137806 0.0 0.0 0.0 0.0 6.207818510529136e-05 0.9982617686470393 0.0 0.0 0.0 0.0 0.0 0.0 0.0 0.0 0.0 0.0
0.0 0.0 0.0 0.0 0.0
0.0 0.0 0.0 0.0 0.0 0.0 0.0 0.0 0.0 0.0 0.9999999987857124 0.0 0.0 0.0 0.0
0.0 0.0 0.0 0.0 0.5033584107258037 0.0 0.0 0.0 0.0 0.0 0.4966415886628361 0.0 0.0 0.0 0.0 0.0 0.0 0.0 0.0 0.0 0.0 0.0 0.0 0.0 0.0 0.0 0.0 0.0 0.0 0.0 0.0 0.0 0.0 0.0
0.0 0.0 0.0 0.0 0.0 0.0 0.0 0.0 0.0 0.0 0.9999999987854934 0.0 0.0 0.0
0.0 0.0 0.0 0.0 0.33592835504347573 0.0 0.0 0.0 0.0 0.0 0.6640716441519328 0.0 0.0
0.0 0.0 0.0 0.0 0.0 0.0 0.0 0.0 0.0 0.0 0.9999999987725242 0.0 0.0 0.0 0.0 0.0 0.0 0.0 0.0 0.0 0.0 0.0 0.0 0.0 0.0 0.0 0.0 0.0 0.0 0.0 0.0 0.0
0.0 0.0 0.0 0.0 0.9999999983958635 0.0 0.0 0.0
0.0 0.0 0.0 0.0 0.0003612885609071513 0.0 0.0 0.0 0.0 0.0 0.999638710214487 0.0 0.0 0.0 0.0
0.0 0.0 0.0 0.0 0.0 0.0 0.0 0.0 0.0 0.0 0.999999998773509 0.0 0.0 0.0 0.0 0.0 0.0 0.0 0.0 0.0 0.0 0.0 0.0 0.0 0.0 0.0 0.0
0.0 0.0 0.0 0.0 0.0009356143638873054 0.0 0.0 0.0 0.0 0.0 0.9990643844141934 0.0 0.0 0.0 0.0 0.0
0.0 0.0 0.0 0.0 0.0 0.0 0.0 0.0 0.0 0.0 0.9999999987848751 0.0
0.0 0.0 0.0 0.0 0.0 0.0 0.0 0.0 0.0 0.0 0.9999999987819174 0.0 0.0 0.0 0.0 0.0 0.0 0.0 0.0
0.0 0.0 0.0 0.0 0.0 0.0 0.0 0.0 0.0
0.0 0.0 0.0 0.0 0.0 0.0
0.0 0.0 0.0 0.0 0.0 0.0 0.0 0.0 0.0 0.0 0.999999998783659 0.0 0.0 0.0 0.0 0.0 0.0 0.0 0.0 0.0 0.0 0.0 0.0
0.0 0.0 0.0 0.0 0.001579195386834801 0.0 0.0 0.0 0.0 0.0 0.9984208033778895 0.0 0.0
0.0 0.0 0.0 0.0 0.0 0.0 0.0 0.0 0.0 0.0 0.9999999987864144 0.0 0.0 0.0 0.0 0.0 0.0
0.0 0.0 0.0 0.0 0.0 0.0 0.0 0.0 0.0 0.0 0.9999999987835365 0.0 0.0 0.0 0.0 0.0 0.0 0.0 0.0 0.0 0.0 0.0 0.0 0.0 0.0 0.0
0.0 0.0 0.0 0.0 0.0010808375144367253 0.0 0.0 0.0 0.0 0.0 0.998919161260222 0.0 0.0 0.0
0.0 0.0 0.0 0.0 0.48928765529945295 0.0 0.0 0.0 0.0 0.0 0.5107123440752757 0.0 0.0 0.0 0.0 0.0 0.0 0.0 0.0 0.0 0.0 0.0 0.0
0.0 0.0 0.0 0.0 0.0 0.0 0.0 0.0 0.0 0.0 0.9999999987668083 0.0 0.0 0.0 0.0
0.0 0.0 0.0 0.0 0.09504656998477092 0.0 0.0 0.0 0.0 0.0 0.9049534289189168 0.0 0.0 0.0 0.0 0.0 0.0 0.0 0.0 0.0 0.0 0.0 0.0 0.0 0.0 0.0 0.0 0.0 0.0 0.0 0.0 0.0 0.0 0.0 0.0
0.0 0.0 0.0
0.0 0.0 0.0 0.0 0.0 0.0 0.0 0.0
0.0 0.0 0.0 0.0 0.0 0.0 0.0 0.0 0.0
0.0 0.0 0.0006770834390971087 0.0 0.999322915329062 0.0 0.0
0.0 0.0 0.0 0.0 0.9999991052666489 0.0
0.0 0.0 0.0 0.0 0.0 0.0 0.0 0.0 0.0 0.0 0.9999999987868974
0.0 0.0 0.0 0.0 0.0 0.0 0.0 0.0 0.0 0.0 0.9999999987749837 0.0 0.0 0.0 0.0 0.0 0.0 0.0 0.0 0.0 0.0 0.0 0.0 0.0 0.0 0.0
0.0 0.0 0.0 0.0 0.9999993095036986 0.0 0.0
0.0 0.0 0.0 0.0 0.0 0.0 0.0 0.0 0.0 0.0 0.9999999987802639 0.0 0.0
0.0 0.0 0.0 0.0 0.0008226382929034689 0.0 0.0 0.0 0.0 0.0 0.9991773604882794 0.0 0.0 0.0 0.0
0.0 0.0 0.0 0.0 0.0 0.0 0.0 0.0 0.0 0.0 0.9999999987710998 0.0 0.0 0.0
0.0 0.0 0.0 0.0 0.0 0.0 0.0 0.0 0.0 0.0 0.9999999987836367 0.0 0.0 0.0 0.0 0.0 0.0 0.0 0.0 0.0 0.0 0.0 0.0 0.0 0.0 0.0 0.0 0.0 0.0 0.0 0.0
0.0 0.0 0.0 0.0 0.9999999987783456 0.0 0.0 0.0 0.0 0.0 0.0 0.0 0.0 0.0 0.0
0.0 0.0 0.0 0.0 0.0 0.0 0.0 0.0 0.0 0.0 0.999999998780138 0.0 0.0 0.0 0.0 0.0 0.0 0.0 0.0
0.0 0.0 0.0 0.0 0.0 0.0 0.0 0.0 0.0 0.0 0.9999999987790142 0.0 0.0
0.0 0.0 0.0 0.0 6.72731106277253e-05 0.0 0.0 0.0 0.0 0.00010943663403543589 0.9998232890329387 0.0 0.0 0.0 0.0 0.0 0.0 0.0 0.0 0.0 0.0 0.0
0.0 0.0 0.0 0.0 0.0 0.0 0.0 0.0 0.0 0.0 0.9999999987751106 0.0 0.0 0.0
0.0 0.0 0.0 0.0 0.0011234260670794412 0.0 0.0 0.0 0.0 0.0 0.9988765727118467 0.0 0.0 0.0 0.0 0.0
0.0 0.0 0.0 0.0 0.0 0.0 0.0 0.0
0.0 0.0 0.0 0.0 3.5605932887575256e-05 0.0 0.0 0.0 0.0 0.0 0.9999643928483042 0.0 0.0 0.0 0.0 0.0 0.0 0.0 0.0 0.0 0.0 0.0 0.0 0.0 0.0 0.0 0.0 0.0 0.0 0.0 0.0 0.0 0.0 0.0 0.0
0.0 0.0 0.0 0.0 0.0005073822853265613 0.0 0.0 0.0 0.0 0.0 0.9994926164772621 0.0 0.0 0.0 0.0 0.0 0.0 0.0 0.0 0.0
0.0 0.0 0.0 0.0 0.0 0.0
0.0 0.0 0.0 0.0 0.0 0.0 0.0 0.0 0.0 0.00011960563839483879 0.9998803931385977 0.0 0.0 0.0 0.0 0.0 0.0 0.0 0.0 0.0 0.0 0.0 0.0 0.0 0.0 0.0 0.0 0.0 0.0 0.0 0.0
0.0 0.0 0.0 0.0 0.0 0.0 0.0 0.0 0.0 0.0 0.9999999987781165 0.0 0.0 0.0 0.0 0.0 0.0 0.0 0.0 0.0
0.0 0.0 0.0 0.0 0.0015382779482866176 0.0 0.0 0.0 0.0 0.0 0.9984617208326144 0.0 0.0 0.0 0.0 0.0 0.0 0.0 0.0 0.0 0.0
0.0 0.0 0.0 0.0 0.0017695458088647623 0.0 0.0 0.0 0.0 0.0 0.9982304529748355 0.0 0.0 0.0
0.0 0.0 0.0 0.0 0.00030690109642477197 0.0 0.0 0.0 0.0 0.0 0.9996930976591358 0.0 0.0 0.0 0.0 0.0 0.0
