1 2 6 7 3 5 4 8 9 10 4 5 3 4 3 10 3 4 3 3 4 3 4 4 4 3 3 3 4 11
1 2 6 7 4 3 5 7 9 10 10 10 3 4 11 12
1 2 5 3 8 6 6 7 8 9 10 10 4 3 4 3 4 3 4 3 4 3 3 4 4 3 3 4 10 4 3 4 11
1 2 6 7 8 9 3 4 5 10 3 4 11 12
1 2 6 7 4 3 5 9 10 4 5 3 4 3 11
1 2 6 7 8 9 4 5 3 10 4 3 4 3 3 4 4 3 3 4 3 4 3 4 4 11
1 2 6 7 5 3 4 8 9 10 10 11
1 2 6 4 3 7 8 9 10 3 4 11 12
1 2 6 7 4 5 3 8 9 10 4 3 4 3 3 4 11 12
1 2 6 7 8 3 4 5 8 9 10 3 10 3 4 4 11 12
1 2 7 8 9 10 4 3 11
1 2 6 7 4 3 10 4 3 10 4 11 12
1 6 3 4 5 6 2 8 5 5 7 8 9 10 4 3 3 4 10 4 3 3 3 4 16
1 2 6 7 3 4 5 8 9 10 4 3 4 3 10 3 3 3 16
1 2 6 7 8 5 4 3 9 10 3 4 11
1 2 6 7 3 4 5 9 8 10 3 4 11
1 2 6 4 3 5 7 9 10 10 4 3 11
1 2 6 7 3 4 5 8 9 10 3 4 4 3 4 3 3 4 11 12
1 8 2 6 7 3 5 4 8 9 10 10 3 4 3 11 12
1 2 6 7 8 4 3 5 8 9 10 3 4 13 5 3 3 3 4 5 3 3 4 5 4 3 10 5 3 4 4 3 3 4 4 3 3 4 4 3 3 4 3 4 3 4 5 3 4 4 3 11
1 2 6 7 8 3 4 5 9 8 10 4 3 3 4 11 12
1 15 6 7 8
1 2 6 7 8 4 4 3 9 5 3 4 4 3 4 3 11
1 2 6 7 5 3 4 8 9 10 3 4 11 12
1 2 6 7 3 4 5 9 10 4 3 3 4 3 3 4 11
1 6 2 7 8 4 4 3 5 10 4 11 12
1 2 6 7 5 4 3 9 10 11
1 2 6 7 8 9 4 4 5 3 10 10 3 4 10 3 4 11 12
1 6 4 3 8 9 14 6 10 3 4 4 3 3 11 12
1 2 6 7 4 3 10
1 2 6 7 4 3 5 8 9 10
1 2 6 7 8 4 3 3 5 8 9 16
1 2 8 4 3 5 7 9 10 4 11
1 2 6 7 5 8 9 10 3 3 3 4 5 14
1 2 6 3 4 5 7 9 8 10 3 4 11 12
1 2 6 7 8 3 4 6 3 4 9 10 3 4 3 4 3 3 4 10 3 4 4 11 12
1 2 6 7 4 3 5 9 10 10 4 3 3 4 4 3 4 3 3 4 4 3 11 12
1 2 6 7 3 4 5 10 3 4 14
1 2 6 7 4 5 3 8 9 10 10 11
1 2 6 3 4 7 10 15 12
1 2 6 7 5 3 4 10 4 3 10 3 4 11
1 2 6 7 5 4 3 9 8 6
1 2 6 7 3 4 5 8 9 10 13 3 5 4 3 5 5 4 5 3 5 5 4 3 5 5
1 2 6 7 5 3 4 9 10 4 3 3 4 3 4 10 11
1 2 12 5 3 4 7 8 9 10 3 4 4 3 11 12
1 2 6 7 5 4 3 8 9 10 3 4 11 12
1 2 6 7 4 3 5 9 8 10 11 12
1 8 2 6 7 5 4 3 9 8 10 4 3 3 4 3 4 11
1 2 8 6 7 3 4 5 9 10 11
1 2 5 3 4 6 7 8 9
1 2 6 7 4 5 3 9 8 10 4 3 3 4 4 3 3 4 4 3 3 4 3 4 11
1 2 3 5 4 6 7 9 13 5 3 4 5 10 3 4 3 4 4 3 3 3 4 3 4 11 12
1 2 6 7 3 4 9
1 2 6 7 5 4 3 9 10 10 4 3 3 4 3 3 4 3 4 11
1 2 6 7 5 4 3 8 9 10 3 4 5 3 4 10 3 4 11
1 2 6 7 5 3 4 8 9 10 14
1 15 6 3 4 10 10 14
1 2 6 7 8 3 4 9 11
1 2 6 7 4 3 10 4 11
1 2 6 7 3 5 4 9 10 10 3 4 10 4 3 5 3 4 3 3 4 4 3 3 3 3 4 10 4 3 11
1 2 6 7 8 5 4 4 3 5 9 8 10 3 3 4 3 3 3 4 3 4 3 3 4 3 4 3 11 12
1 2 6 7 5 3 4 9 13 5 3 4
1 2 6 3 5 4 7 8 9 10 3 4 4 3 3 14
1 2 6 7 8 9 3 4 5 10
1 2 6 7 3 5 3 4 9 10 4 3 3 4 9 10 4 3 3 4 4 3 3 3 4 4 3 3 4 4 3 11
1 2 6 7 3 5 8 9 10 4 3 3 4 5 4 3 11 12
1 2 6 7 8 9 4 3 5 5 5 3 5
1 2 6 7 4 5 3 8 9 10 11 12
1 2 6 7 5 3 4 8 9 10 4 3 16
1 2 6 7 4 3 5 9 8 10
1 2 6 4 5 3 7 8 9 10 3 4 3 4 11
1 2 6 7 4 3 10 3 4 11 12
1 3 4 3 2 6 7 10 14
1 2 6 7 5 3 4 8 9 10 13 4 3 5 4 5 3 4 3
1 2 6 5 4 3 7 8 9 10 4 11
1 2 6 7 3 5 9 8 10 11 12
1 2 6 7 3 4 5 9 10 4 3 4 3 2
1 2 6 7 3 4 5 10 3 4 3 3 4 3 4 5 10 11
1 2 6 5 4 3 7 10 8 9 10 3 4 4 3 4 4 3 3 5 4 3 3 4 3 4 3 3 4 3 3 4 11
1 3 2 6 7 4 3 5 3 5 9 10 4 3 11
1 2 6 7 8 3 4 5 3 9 10 4 11
1 2 5 3 6 6 7 8 9 10 3 4 3 3 4 11
1 2 6 7 8 9 4 5 3 10 11
1 2 6 7 5 3 4 8 9 10 10 3 4 11 12
1 2 6 7 3 4 10 4 3 4 3 3 11
1 2 6 7 3 4 5 8 9 3 4 10 10 3 11
1 2 6 7 3 4 10 3 4 3 3 4 11 12
1 2 6 4 3 5 7 10 13 5 3 4 3 4 4 3 10 4 3 4 3 4 3 3 4 5 11 12
1 2 6 7 4 3 10 11 12
1 2 6 7 4 5 3 10 10 10 4 3 14
1 2 6 4 3 5 7 10 3 3 10 11 12
1 2 6 7 5 4 3 8 9 10 4 3 3 3 4 11 12
1 2 6 7 8 4 5 3 9
1 2 6 7 10 4 3 3 4 11
1 2 6 7 3 5 4 8 9 10 10 3 4 3 4 11 12
1 6 6 4 3 7 10 10 10 14
1 2 6 7 3 4 5 8 9 13 4 10 4 11
1 2 6 4 5 3 7 8 9 11
1 2 6 7 4 5 3 9 8
1 2 6 7 3 4 5 9 8 10 10 10 3 4 11 12
1 2 6 7 5 4 3 8 9 10 10 4 3 11 12
1 2 6 7 4 3 5 9 8
1 2 6 7 3 4 5 8 9 10 3 4 14
1 2 6 7 3 4 8 9 5 4 3 3 5 4 10 10 4 3 3 4 4 4 3 3 4 11
1 2 6 7 3 4 10 4 3 3 4 11
1 2 6 7 4 3 10 8 10 3 4 11 12
1 2 3 4 5 6 7 9 10 10 4 3 11
1 2 6 7 8 4 5 3 8 9 10 3 3 11 12
1 2 6 7 8 9 3 5 4 10 4 3 3 3 4 4 3 11
1 3 2 6 5 4 3 7 8 9
1 2 6 7 5 3 4 8 9 13
1 11 2 6 7 4 3 5 8 9 5 10 4 4 3 13 3 4 10 10 11 12
1 2 6 7 4 3 9
1 2 6 7 4 3 5 9 10 10 3 4 10 4 3 3 4 3 4 11 12
1 2 6 7 3 4 10 4 3 4 11
1 2 6 3 4 7 10 11 12
1 2 6 7 8 3 4 5 8 9 3 4 10 5 3 4 5 10 4 3 11 12
1 2 6 4 5 3 4 5 8 9 10 10 3 4 4 3 11 12
1 2 6 7 5 4 3 9 10 3 4 4 4 3 3 4 11
1 2 6 7 5 4 3 9
1 2 6 7 3 4 8 9 10 4 3 10 4 3 11 12
1 6 2 4 3 5 7 9 8 13 5
1 6 6 7 4 3 10 10 4 3 10 11 12
1 2 6 7 4 3 5 9 10 4 11
1 2 6 4 5 3 7 9 10 4 4 11 12
1 2 6 7 3 4 3 5 10 3 4 6
1 2 8 6 7 5 3 4 8 9 10 10 3 4 11 12
1 2 6 7 4 3 5 8 9 10 10 3 4 11
1 2 6 7 3 4 5 9 10 10 3 4 4 11 12
1 2 6 4 5 3 7 8 9 10 4 3 4 3 4 3 5 14
1 2 6 7 3 4 5 9 8 10 3 4 11 12
1 2 6 7 8 9 3 4 5 10 3 4 15
1 2 6 7 8 5 4 3 9 4 3 5 4 3 10 3 4 10 4 3 11
1 2 6 7 5 4 3 9 13 3 4 5 3 5 3 4 5 4 3 10 3 4 11
1 2 6 7 4 5 3 8 9 10 3 4 14
1 10 3 4 11 12
1 2 6 7 8 9 5 3 4 10 4 3 4 3 11
1 2 6 7 4 5 3 10 4 3 13 4 3 5 5 4 3 4 5 4 5 3 5 3 4 5 8
1 2 6 7 3 4 5 6 8 9 5 3 5 5 10 3 4 4 11
1 2 6 7 3 5 4 9 10 14
1 2 6 4 5 3 7 9 10 3
1 2 6 7 3 3 5 3 9 10 3 4 10 3 4 11 12
1 2 6 7
1 2 6 7 4 3 10 4 3 11
1 2 9 10 4 3 11
1 2 6 7 5 4 3 9 8 10 3 4 11 12
3 11 14 12
1 2 6 7 5 4 3 9 10 3 4 3 4 4 3 10 4 3 4 11
1 2 6 7 5 4 3 8 9 10 3 4 3 3 4 11
1 2 6 7 4 5 3 8 9 10 10 3 4 11 12
1 2 6 7
1 2 6 7 5 3 4 8 9 4 3 10 4 3 10 4 5 3 4 3 11
1 2 6 7 5 4 3 8 9 13 5
1 2 6 7 5 4 3 8 9 10 10 3 4 4 11
1 2 4 3 5 5 7 8 9 10 3 4 4 3 5 4 11 12
1 2 6 7 4 3 5 9
1 2 6 7 3 5 4 8 9 10 3 4 10 3 4 11
1 2 6 7 5 3 4 8 9 10 10 4 3 3 4 3 3 3 3 5 4 3 3 10 3 4 4 3 4 3 4 11 12
1 8 2 6 7 5 3 4 9 10 4 3 4 3 4 3 4 3 10 4 3 3 4 3 4 4 3 4 3 4 3 3 4 4 11
1 2 6 7 5 3 4 8 9 10 3 4 11 12
1 2 6 7 4 5 3 9 10 10 13 5 4 3 5 5 3 4
1 2 6 4 5 3 8 7 8 9 8 10 4 3 10 4 3 11
1 2 6 7 5 3 4 8 9 10 11 12
1 3 2 6 8 5 4 7 8 9 10 3 4 11
1 2 6 7 3 4 5 10 5 4 3 15 12
1 8 2 6 7 8 4 3 5 15
1 2 6 7 4 3 5 8 9 10 10 10 11
1 8 3 4 2 7 9
1 2 6 3 4 5 7 8 9 3 10 3 3 4 11 12
1 2 6 8 7 3 5 4 8 9 10 4 3 11 12
1 2 6 7 8 9 5 3 4 10 4 4 3 5 11
1 2 6 7 3 4 5 9 10 3 4 11 12
1 2 6 7 8 3 4 9 10 3 4 3 4 11
1 2 6 7 5 3 4 8 9 10
1 4 2 6 7 9 4 5 3 3 3 5 4 5 10 3 4 3 4 11 12
1 2 6 7 5 4 3 10 3 4 4 3 3 4 3 3 4 11
1 6 3 4 5 2 9 4 3 3 4 10 4 4 3 10 3 4 4 3 3 4 4 3 4 3 11
1 2 6 7 3 5 4 9 10 4 3 3 11 12
1 2 6 7 5 4 3 8 9 10 3 3 4 15
1 2 6 7 5 3 4 8 9 10 4 3 3 4 4 3 3 4 3 4 4 3 4 3 10 10 4 4 3 11
1 2 6 7 8 9 3 5 4 8 10 4 3 3 4 11
1 2 6 4 5 3 7 9 8 10 10 11
1 2 6 7 3 4 5 8 9 10 10 4 3 3 4 11
1 2 3 6 5 4 6 7 8 9 10 16 12
1 2 6 7 3 4 10 3 3 3 4 4 3 11
1 2 6 7 3 4 5 8 10 4 11 12
1 2 6 7 4 5 3 3 9 8 10 4 3 4 3 11 12
1 2 6 7 3 5 4 8 9 10 3 4 11 8
1 2 6 3 4 5 7 9 8 10 11
1 3 4 2 6 7 10 3 4 11 12
1 2 6 7 4 5 3 9 10 3 4 3 4 3 4 11 12
1 2 6 7 4 3 10 4 3 11
1 2 6 7 3 4 5 9 10 3 4 3 4 10 4 3 4 3 11
1 2 6 7 5 4 3 9 10 3 4 11 12
1 2 6 7 5 5 3 8 9 10 11
1 2 6 7 8 5 4 3 9 10 10 3 4 3 4 3 4 16
1 2 6 7 4 5 3 8 9 10 4 3 11
1 2 6 7 3 4 5 8 9 13 3 5 4 3 3 5 5 4 4 3 10 4 3 11 12
1 2 6 4 5 3 7 8 9 10 4 3 11
1 2 6 7 4 3 5 10 8 11
1 2 6 7 3 5 4 8 9 10 3 4 13 5 3 4 5 3 4 3 3 4 10 4 3 4 3 3 3 4 3 4 3 11
1 2 6 7 3 4 8 9 10 4 3 3 4 11 12
1 2 6 7 3 4 5 9 8 10 10 4 3 11
1 2 6 7 9 3 4 5 3 5 4 10 3 4 11
1 2 6 7 8 3 4 5 9 10 4 3 4 4 11 12
1 2 6 7 8 9 5 3 4 10 10 4 4 3 11
1 2 6 7 5 4 3 8 9 10 3 4 11 12
1 2 6 7 4 5 3 8 9 10 3 4 3 4 3 4 16 12
1 2 6 7 3 4 5 14
1 2 6 7 4 5 3 9 8 10 3 4 15
1 2 6 7 8 4 3 5 8 9 10 13 3 5 11
1 2 6 7 9 8 5 4 3 5 4 3 10 4 4 3 11
1 2 6 7 3 4 10 3 4 4 11
1 2 6 7 5 4 3 8 9 10 4 3 10 3 4 11 12
1 2 6 7 3 4 9 10 4 3 4 3 11
1 2 6 5 3 4 7 9
1 2 6 7 5 3 4 8 9 10 13 5 3 4 4 3 3 4 5 3 4 10 3 4 3 10 4 11 12
1 2 6 7 4 3 10 13 3 5 4 3 3 5 3 4 3 4 5 3 4 10 4 3 11
1 2 6 7 8 9 4 4 5 3 3 5 4 10 4 3 3 5 3 4 4 10 3 4 4 11 12
1 2 6 7 8 9 3 4 5 3 5 4 10 11 12
1 2 6 7 3 5 4 9 10 4 3 3 4 11
1 2 6 7 8 5 4 3 9 13 5 3 4 5 4 5 3 3 4 10 4 3 4 3 3 4 11
1 2 6 7 3 4 5 8 9
1 6 2 7 5 3 4 8 9 10 13 5 4 3 10 3 3 4 4 11
1 2 6 7 4 3 5 9 8
1 8 2 6 7 4 3 5 9 10 4 3 4 11
1 2 6 7 3 4 5 8 9
1 3 4 2 6 7
1 2 6 7 4 3 5 10 12
1 8 2 6 7 3 4 8 9 10 11
1 2 6 7 3 5 8 9 10 4 3 4 3 4 3 11
1 2 6 7 4 5 3 9 8 10 10 3 4 4 11 12
1 2 6 7 4 3 10 4 3 13 3 4 5 5 3 4 3 4 5 8
1 2 6 7 8 9 3 5 4 10 10 4 3 3 4 4 3 3 4 11
1 2 6 7 3 4 5 8 9 10 3 4 5 4 11 12
1 2 6 7 8 4 5 3 9 10 11
1 2 6 4 5 3 7 8 9 10 13 5
1 8 2 6 7 5 4 3 8 9 10 3 4 3 3 4 10 3 4 11
1 2 3 4 2 3 5 4 6 7 8 9 10 8
1 2 6 4 5 3 7 8 9 11
1 2 6 7 5 3 4 8 9 10 3 4 3 4 3 4 11 12
1 2 6 4 5 3 7 10 10 4 11 12
1 2 6 7 3 4 5 8 9 10 10 3 4 3 4 4 4 3 4 3 11
1 2 6 7 5 4 3 10 3 4 11
1 2 6 7 3 4 5 9 13 5 3 5 4 10 3 4 11
1 2 6 7 3 4 3 4 5 10 3 4 4 3 4 3 3 4 4 3 11
1 2 6 7 3 5 4 8 9 10 4 3 10 11
1 2 6 7 8 4 3 5 9 8 6
1 2 6 7 3 4 10 4 3 10 11 12
1 2 6 7 3 4 10 4 3 11
1 2 6 7 3 4 8 9 3 10 3 4 10 4 3 11 12
1 2 6 7 8 3 4 5 10 10 11 12
1 2 6 7 9 4 3 5 10 3 4 5 3 4 11
1 2 6 7 3 4 10 4 3 11 12
1 2 6 7 4 3 10
1 2 6 7 4 3 5 8 9 10 4 3 3 4 5 3 11
1 2 6 7 5 4 3 9 8 10 3 4 13 3 4 5 3 4 5 5 3 5 4 15 12
1 2 6 7 4 5 3 9 8 10 3 4 10 3 4 3 4 11 12
1 2 6 7 4 3 10 10 11
1 2 6 7 4 5 3 10 3 4 4 3 3 4 11
1 2 6 7 3 5 4 9 8 10 3 4 11 12
1 2 6 7 3 4 5 8 9 10 3 4 4 3 10 3 4 3 3 4 4 3 4 3 11
1 2 6 7 5 4 3 9 10
1 2 6 4 5 3 7 8 9 10 4 3 5 4 3 10 3 4 11
1 2 6 7 5 4 3 10 3 4 3 3 4 5 3 3 4 4 3 4 3 3 4 10 3 4 5 11 12
1 2 6 7 8 9 3 5 3 4 10 4 3 11
1 2 6 7 3 4 5 9 10 4 3 11
1 2 6 7 8 9 4 3 5 10 3 4 3 4 11
1 2 6 7 3 5 4 8 9 10 3 4 4 3 3 4 4 3 4 11
1 8 2 6 7 8 9
1 2 6 7 3 4 9 5 3 4 3 4 3 5 4 3 4 10 3 4 4 3 4 3 4 3 11
1 2 6 7 5 3 4 8 9 10 10 4 3 4 11 12
1 2 6 7 3 4 9 10 4 3 10 3 5 4 4 3 11
1 2 8 6 3 5 4 7 8 9 10 4 3 10 4 3 11 12
1 2 4 5 3 7 10 10 16 12
1 2 6 3 4 7 10 11 11 12
1 2 6 7 3 4 5 8 9 10 10 4 3 4 4 3 11
1 2 8 3 4 5 6 7 8 9 10 11
1 2 6 4 5 3 7 8 9 10 4 3 4 3 4 3 11
1 2 6 7 5 4 3 8 9 10 3 4 11
1 2 6 7 8 3 4 5 4 8 10 13 5 3 4 5 3 10 4 3 16
1 2 6 7 4 5 3 9 10 4 3 4 3 4 3 11
1 2 6 7 4 3 4 5 8 9 10 3 3 4 11
1 2 6 7 5 3 4 10 10 3 4 3 11
1 2 6 7 4 3 5 9 8 10 3 3 4 11 12
1 2 6 4 5 3 7 8 9 10 4 3 4 3 4 10 4 3 4 3 4 11 12
1 2 6 7 8 3 4 10 3 11
1 2 6 7
1 2 6 7 8 9 4 3 10 4 3 4 3 10 3 4 11
1 2 6 7 3 4 9 10 10 3 11 12
1 2 6 7 3 4 10 4 3 4 3 4 4 3 14
1 2 6 7 3 5 4 8 9
1 2 6 7 3 5 4 8 9 10 10 3 4 15
1 2 5 3 4 8 6 7 9
1 2 6 7 8 9 4 5 3 4 10 4 3 14
1 2 4 5 3 7 8 9 10 11
1 2 6 7 3 4 10 11
1 2 6 7 3 4 5 9 8 10 3 4 11
1 2 6 7 5 3 4 9 10 4 3 4 3 4 3 11
1 13 4 5 10 11 2 6 4 5 3 7 8 9 10 4 4 3 11 12
1 2 6 7 8 9 4 5 3 10 3 4 10 4 3 4 4 3 3 4 3 4 3 4 3 4 4 3 3 4 5 4 3 5 4 3 10 4 3 4 3 3 4 11
1 6 6 3 3 4 5 10 10 10 10 4 3 11
1 2 6 7 8 9 4 3 5 10 10 3 4 11 12
1 2 6 7 4 5 3 9 10 10 3 3 4 3 3 4 11 12
1 2 6 7 3 4 8 9
1 2 6 7 5 4 3 9
1 2 6 3 4 7 10 11 12
1 2 6 7 3 5 4 8 9 10 3 4 4 5 3 3 4 4 11 12
1 2 6 7 4 5 3 10 4 3 10 16 12
1 2 6 7 3 4 5 8 9 10 11
1 2 6 7 9 8 5 3 4 10 3 4 4 3 4 3 4 3 11 12
1 2 6 7 8 4 3 6 3 4 10 4 3 11
1 2 6 7 5 4 3 8 9 10 4 3 3 4 3 4 11
1 2 8 6 3 6 7 9
1 2 6 7 3 5 4 8 9 10 10 3 4 11 12
1 2 5 3 6 6 7 8 9 3 10 10 3 4 11 12
1 2 6 4 3 5 7 8 9 10 4 3 4 3 3 4 3 4 3 4 3 11 12
1 2 7 8 9 5 3 4 5 10 11
1 2 6 3 4 5 7 8 9 10 11 12
1 2 6 7 8 5 4 3 9 10 3 4 4 3 3 3 3 3 4 4 11
1 2 6 7 3 5 4 8 9 10 3 4 11
1 2 6 7 4 3 5 8 9 10 4 3 4 4 3 4 4 3 11
1 2 6 7 3 4 5 8 9 10 3 4 11 12
1 2 6 4 5 3 7 8 9 10 10 3 4 3 4 11 12
1 2 6 7 3 4 5 5 8 9 10 5 3 4 11
1 2 6 7 3 5 4 8 9 10 10 3 4 3 3 4 11 12
1 2 6 7 4 3 10 4 3 3 4 11
1 2 6 7 5 4 3 9 10 10 4 3 11
1 2 6 5 4 3 7 9 10 3 4 3 4 4 3 4 3 11
1 2 5 3 6 6 7 9 10 3 4 4 3 10 11
1 2 6 4 3 7 13 3 3 4 5 4 3 5 5 3 4 3 5 4 5 3 4 5 4 3 5 5 5 4 3 3 5 4 5 5 3 4 11
1 2 6 7 3 4 10 11
1 2 6 4 3 7 9 10 4 3 4 4 3 4 3 11
1 2 6 7 8 5 3 4 5 9 10 3 4 4 3 3 3 3 4 4 3 3 4 3 3 4 3 4 3 4 3 4 3 4 3 4 3 4 10 4 3 3 4 11 12
1 2 6 7 4 5 3 9 8 10 3 3 3 4 4 4 4 3 11 12
1 2 6 7 3 4 5 10 10 4 11 12
1 2 6 7 4 5 3 8 9 10 4 3 4 3 3 4 11
1 2 8 6 3 4 5 7 10 4 3 5 3 4 4 11 12
1 2 6 7 3 5 4 8 9 10 3 4 10 4 3 11
1 2 6 7 4 5 3 8 9 13 4 3 5 5 5 3 4 3 4 3 5 4 5 3 4 10 11
1 2 6 7 5 3 4 8 9 10 3 4 4 3 3 4 3 4 3 4 3 3 3 4 4 3 11 12
1 2 6 7 3 4 5 9 10 13 5 3 3 5 4 5 3 3 4 10 3 3 4 3 3 4 11 12
1 2 6 7 8 5 9 10 3 4 11 12
1 2 6 7 4 3 5 9 8 5 4 3 5 3 4 5 5 4 3 4 3 5 4 3 5 5 11
1 2 6 7 5 4 3 9 10 4 11 12
1 2 6 7 5 4 3 8 9 10 10 4 3 3 4 4 11 12
1 2 6 7 5 3 4 8 9 8 4 11 12
1 6 3 4 5 2 6 7 6 8 9 4 3 10 3 4 11 12
1 2 6 7 3 4 5 8 9 10 4 3 3 4 11 12
1 2 6 7 8 9 3 4 5 3 5 4 10 3 4 11 12
1 2 6 7 3 4 10 3 4 11
1 2 6 7 4 5 3 8 9 10 3 4 11
1 2 6 7 3 5 4 9 10 4 3 4 3 4 3 11
1 2 6 3 4 5 8 7 9 10 4 3 4 3 10 10 11 12
1 2 6 7 3 4 5 8 9 10 10 13 3 5 4 4 3 10 3 4 11 12
1 2 6 3 4 7 13 3 4 10 4 3 11 12
1 2 6 4 3 5 9 4 10 4 5 3 11 12
1 2 8 6 4 5 3 7 10 8 4 3 10 3 4 5 3 4 10 4 3 11
1 2 6 7 4 3 5 8 9 10 3 4 4 3 4 3 3 4 4 11 12
1 2 6 7 3 4 9 8
1 2 6 7 5 4 3 9 8 10 10 11
1 2 6 7 8 5 4 3 9 10 11 12
1 8 2 6 7
1 2 6 5 3 4 7 12 13 3 4 5 3 4 3 4 9 4 3 4 3 11 12
1 2 6 7 3 5 4 8 9 10 11
1 8 2 6 7 8
1 6 3 3 3 5 3 2 6 7 8 5 3 4 9 16 12
1 2 6 7 3 4 9 10 3 4 5 3 12
1 2 5 3 4 6 7 8 9
1 2 6 7 4 5 3 10 10 3 4 4 3 3 4 10 4 3 11 12
1 2 6 7 3 4 5 9 10 3 3 4 11
1 2 6 7 5 4 3 10 4 11 12
1 2 6 7 10 4 3 11 12
1 8 2 6 7 4 3 10 3 11
1 2 6 5 4 3 7 8 9 10 4 3 11
1 2 6 7 3 4 3 5 3 9 10 11 12
1 2 6 7 3 5 4 8 9 10 10 4 3 4 3 11 12
1 2 4 5 3 7 9 10 10 3 4 3 3 3 4 3 3 4 3 4 3 4 11 12
1 2 6 4 5 3 7 8 9 10 11
1 2 6 7 5 3 4 8 9 10 3 3 3 4 4 3 11 12
1 2 6 4 3 4 5 9
1 2 6 7 8 5 4 3 9 10 4 3 11
1 6 3 3 4 2 6 7 8 5 4 3 9 4 3 10 3 4 3 4 4 3 3 4 4 3 11
1 2 6 7 5 4 3 8 9 10 4 3 10 4 3 4 3 4 4 3 11
1 2 8 6 7 3 4 5 8 9 10 5 3 4 11 12
1 2 6 7 3 3 4 5 9 13 5 3 5 4 3 4 3 4 3 5 4 3 4 5 5 3 4 3 4 5 5 4 3 10 4 3 3 5 4 11
1 2 6 7 5 4 3 9 8 10 3 4 3 11
1 2 6 7 5 3 4 9 10 13 3 5 5 4 3 5 3 4 10 3 4 14
1 2 6 7 9 4 3 5 10 4 3 11 12
1 2 6 4 3 5 7 8 9 3 4 10 4 3 4 3 11
1 2 6 7 5 4 3 3 9
1 2 6 7 3 5 4 8 9 10 4 3 11
1 2 6 7 3 5 4 8 9 10 3 5 4 10 13 3 5 4 5 4 5 3 5 4 3 5 5 3 4 5 4 3 5 5 4 5 3 3 4 5 5 3 4 3 4 3 5 4 5 3 4 5 4 3 5 16
1 6 2 7 5 4 3 8 9 10 10 3 4 3 4 3 3 4 11
1 2 6 7 3 5 4 9 10 4 4 3 11
1 2 6 7 3 5 4 8 9 10 10 3 4 3 4 3 3 4 3 4 3 3 3 4 3 4 4 3 11
1 2 6 7 8 9 5 3 4 8 10 4 3 11
1 2 6 7 8 4 5 3 9 10 3 4 3 4 11
1 2 6 7 3 4 8 9 10 10 3 3 3 3 3 4 11
1 2 6 7 3 4 5 8 9 10 4 3 5 11 12
1 2 6 7 8
1 2 6 7 4 3 9 14
1 2 6 7 3 5 4 8 10 11 12
1 2 8 6 7 5 3 4 4 3 8 9 10 11 12
1 2 6 4 3 5 7 8 9 10 11
1 2 6 7 4 5 3 10 13 3 3 4 5 4 3 4 3 11
1 2 6 4 5 3 7 8 9 10 4 3 4 3 3 4 3 4 11
1 2 4 5 3 7 8 9 10 10 4 3 14
1 2 6 7 8 6 4 3 3 3 5 9 10 13 3 4 5 4 3 5
1 2 6 7 3 4 5 9 10 4 3 4 4 3 11
1 2 6 7 4 5 3 9 8 10 13 3 5 4 3 3 5 4 5 4 3 3 5 5 4 3 5 5 4 3 5 5 4 3 5 10 4 3 10 3 4 11 12
1 2 6 7 3 4 5 3 4 8 10 3 4 11 12
1 4 2 6 7 5 4 3 10 8 13 5 4 5 3 5 4 7 10 14
1 2 6 7 3 4 5 9 8 10 3 4 3 13 3 5 3 4 13 5 5 4 3 5 4 3 5 5 4 3 5 5 3 4 5 3 4 5 4 4 3 5 4 3 3 5 4 5 3 4 3 5 4 3 5 4 3 4 5 4 3 5 5 5 4 3 3 5 4 3 5 3
1 2 6 7 5 3 4 9 8
1 2 6 7 5 3 4 9 10 4 3 3 4 3 4 4 3 10 11
1 2 6 7 5 3 4 9 10 10 4 3 4 3 11
1 2 6 7 3 5 4 8 9 10 3 4 11
1 2 6 7 3 5 4 8 9 3 4 13 5 3 4 5 10 3 4 10 11 12
1 2 6 7 3 5 4 8 9 10 10 3 4 11 12
1 2 6 4 3 5 7 9 10 10 4 11
1 2 6 7 4 3 10 3 4 11 12
1 2 6 7 4 5 3 8 9
1 2 6 7 5 3 4 8 9 10 10 3 4 3 4 3 4 4 3 4 11 12
1 2 6 7 5 4 3 8 9 10 3 4 5 11 12
1 2 6 7 3 4 5 8 9 16 12
1 2 6 7 4 5 3 9 13 3 5 4 3 10 4 11
1 2 2 7 8 9 3 4 10 3 4 11 12
1 2 6 7 3 4 5 9 10 10 11
1 2 6 7 8 5 4 3 8 9 10 14
1 2 6 7 5 3 4 8 9 10 3 4 14
1 2 6 7 3 4 5 8 9 10 10 11
1 2 6 7 5 4 3 9 8 10 3 4 11 12
1 2 6 3 4 5 7 8 9 10 10 4 11
1 2 6 7 3 4 5 9 8 3 5 4 4 5 3 10 4 3 4 3 10 4 3 4 4 3 4 11 12
1 2 6 7 4 3 4 10 10 3 4 11 12
1 2 3 3 6 7 10 4 3 11
1 2 6 7 4 3 5 9 8 10 3 4 3 4 11
1 8 2 6 7 3 4 5 8 9 10 10 13 5 3 5 4 3 4 3 4 5 4 3 10 3 4 10 3 4 3 4 3 3 4 11 12
1 2 6 7 3 4 5 8 9 10 11 12
1 2 6 7 5 4 3 8 9 10 4 5 3 10 4 4 5 3 3 4 4 3 3 4 11 12
1 2 6 7 5 4 3 9 10 10 4 3 10 3 4 11
3 15 6 12 3 5 4 7 13 5 4 3 9 10 4 3 11
1 2 6 4 5 3 7 8 5 10 4 15 12
1 2 7 9
1 2 6 7 9 4 5 3 10 4 3 3 4 10 3 4 11 12
1 2 6 3 4 7 8 9 10 3 4 10 3 4 3 4 4 11 12
1 2 6 7 4 3 5 8 9 10 4 3 3 4 4 3 4 4 3 4 3 11 12
1 2 6 7 3 4 5 9 10 4 3 10 3 4 3 4 4 3 4 3 11
1 2 6 7 5 3 4 9 8 10 3 4 3 4 3 4 11
1 2 6 3 4 5 7 9 10 10 4 3 4 4 3 3 4 4 3 10 3 4 4 3 4 3 11
1 2 6 7 5 4 3 9 8 10 3 3 4 3 3 11 12
1 2 6 7 3 4 5 9 8 10 10 3 4 3 11
1 2 6
1 2 6 7 5 3 4 8 9 10 4 3 3 4 11 12
1 2 6 4 5 3 7 8 9 13 3 4 5 3 5 4 4 3 10 3 4 16 12
1 2 6 7 3 4 10 3 4 4 3 3 4 4 3 11 12
1 2 6 7 8 9 4 3 5 10 4 3 10 4 3 4 3 3 4 3 3 4 3 4 3 4 4 3 4 3 4 3 5 4 5 4 3 3 4 4 4 3 13 5 3 4 3 3 10 14
1 2 6 3 4 7 10 14
1 2 6
1 2 6 7 5 4 3 9 10 3 4 4 11 12
1 2 6 7 3 4 5 9 10 11
1 2 6 7 8 9 4 3 10 3 4 11 12
1 2 6 7 5 3 4 8 9 3 4 10 3 4 10 4 3 3 4 3 4 11
1 2 6 5 4 3 7 8 9 10 11 12
1 2 6 7 3 5 4 8 9 10 3 4 4 11
1 2 6 7 3 5 4 9 10 10 3 4 11 12
1 2 6 7 5 4 3 9 13 3 4 4 3 5 4 3 10 4 3 3 4 4 3 4 3 3 4 11
1 2 6 4 3 5 7 8 9 10 4 3 3 4 11
1 2 6 7 5 4 3 9 8
1 2 6 7 3 5 4 8 9 10 10 3 4 11
1 2 6 7 3 5 4 8 9
1 2 6 7 3 4 5 8 9 13 5 3 5 4 5 10 3 4 3 3 3 3 3 3 3 4 3 4 4 3 10 5 3 4 10 3 4 3 4 4 3 3 4 3 4 11 12
1 2 6 7 3 4 5 8 9 10 5 3 4 10 10 3 4 5 4 3 11
1 2 6 4 5 3 7 8 9 10 4 3 3 4 3 4 11 12
1 2 6 7 4 3 5 9 8
1 2 6 7 5 4 3 8 9 10
1 12 2 7 8 9 3 4 5 10 4 3 5 10 4 3 14
1 2 6 7 8 5 4 3 9 10 3 4 11 12
1 2 6 7 5 4 3 9 8 10 4 3 4 10 3 3 3 4 3 14
1 2 6 4 3 5 7 9 10 3 4 4 3 11
1 2 6 3 4 5 7 7 10 14
1 2 6 7 3 5 4 8 9 10 4 3 11
1 2 6 7 4 5 3 8 9 10 4 3 3 11
1 2 6 7 3 5 4 9 8
1 2 6 3 4 5 7 9 10 3 4 10 3 4 3 3 4 3 4 5 11
1 6 1 3 3 4 11 12 3 4 6 6 7 4 3 10 11 12
1 2 6 4 3 5 7 9 10 10 3 4 3 4 3 3 4 3 4 3 3 4 3 4 4 11
1 2 6 7 3 4 9 10 3 4 4 3 3 4 11
1 2 6 4 5 3 7 9 10 4 3 11
1 2 6 7 8 3 4 3 5 4 9 10 4 3 11
1 2 6 7 4 5 3 8 9 10 10 14
1 2 6 7 4 3 9 13 5 4 3 5 5
1 2 6 7 3 4 8 9
1 2 8 6 7 5 3 4
1 2 6 7 5 3 4 8 9 10 3 4 11
1 2 6 6 3 4 5 7 8 9 10 10 4 3 10 4 3 11
1 2 6 7 3 10 3 4 11
1 2 6 7 8 9 4 3 5 10 4 3 11
1 3 4 2 6 7 5 3 4 8 9 10 11
