1 2 3 4 5 6 7 8 9 3 2 2 3 2 3 3 2 2 3 3 2 10 
1 5 3 4 2 6 7 8 9 3 3 10 
1 5 6 2 3 7 8 9 9 2 3 2 3 10 
1 5 6 3 4 2 7 8 9 2 3 10 11 
1 5 6 7 3 2 4 8 
1 5 6 2 3 4 8 7 9 10 
1 5 6 7 8 4 3 2 9 2 3 10 
1 5 6 3 4 2 12 9 3 2 3 9 13 
1 5 6 8 2 3 4 9 2 3 10 
1 5 6 3 2 4 7 8 9 3 10 
1 5 6 4 3 2 8 9 2 3 9 7 3 2 10 11 
1 5 6 2 3 4 7 8 9 2 2 2 3 10 11 
1 5 6 3 4 2 9 7 8 3 2 10 
1 5 6 7 3 2 4 8 9 10 11 
1 5 6 2 3 4 7 8 9 12 4 2 3 9 2 3 2 10 11 
1 5 6 7 8 3 4 2 9 13 
1 5 6 2 9 2 2 2 2 3 13 
1 5 6 7 2 4 3 8 12 4 3 2 4 4 3 2 9 2 3 10 11 
1 5 6 7 4 2 3 8 9 3 10 
1 5 2 3 4 6 2 3 4 9 3 10 11 
1 5 6 8 3 4 2 7 
1 5 6 2 4 3 12 9 9 10 
1 5 6 2 4 3 7 8 
1 5 6 7 8 4 3 2 9 3 2 10 11 
1 5 6 7 8 3 4 2 
1 5 6 3 2 4 8 9 7 2 3 14 
1 5 6 2 3 4 7 8 9 9 2 3 3 10 11 
1 5 3 4 2 6 7 8 
1 5 6 7 8 3 2 4 9 3 2 10 
1 5 2 3 4 6 9 9 2 3 10 
7 1 5 6 4 3 2 8 
1 6 8 5 2 4 3 9 9 3 4 2 10 11 
1 5 6 7 8 3 4 2 9 2 3 2 3 3 2 10 
1 5 6 4 2 3 7 8 9 2 3 3 2 10 
1 5 6 8 7 2 3 4 9 9 2 3 3 2 2 2 2 2 3 4 2 3 2 14 
1 5 6 7 8 4 3 2 2 3 4 
1 5 6 7 2 4 3 8 9 3 2 3 2 15 
1 5 6 7 3 4 2 8 9 3 2 3 10 11 
1 5 6 3 2 9 3 2 3 10 
1 5 6 4 2 3 7 8 9 4 10 
1 5 6 3 4 2 7 8 9 3 2 9 10 
1 5 6 3 9 9 10 11 
1 5 6 3 4 2 7 8 9 9 3 2 3 10 
1 5 6 3 4 2 7 8 9 2 3 10 
1 5 6 2 3 4 7 8 
1 5 6 7 8 3 2 4 
1 2 4 3 5 6 7 8 9 2 3 10 11 
1 5 6 3 4 2 7 8 9 3 2 9 2 3 10 
1 2 3 4 5 6 7 8 9 2 9 3 2 10 
1 5 6 4 3 2 8 7 9 10 11 
1 5 4 3 2 6 7 8 9 9 3 2 2 3 3 2 2 3 13 
1 5 6 2 4 3 7 8 9 3 2 4 9 3 2 3 3 2 3 2 10 
1 5 3 4 2 6 7 8 9 3 2 2 3 2 3 10 
1 5 6 7 3 4 2 8 9 2 3 2 3 2 10 11 
1 5 6 7 3 4 2 8 9 3 2 2 3 2 10 11 
1 5 6 2 3 9 10 
1 5 6 7 8 2 3 4 9 3 9 3 10 11 
1 5 6 2 4 3 9 10 11 
1 5 6 7 3 4 2 8 9 
1 5 6 2 3 4 8 9 9 3 2 10 11 
1 5 6 2 4 3 7 8 9 4 13 
1 5 6 3 4 2 8 7 9 9 3 2 2 3 10 
1 5 6 2 4 3 8 9 7 2 3 2 3 2 10 11 
1 5 6 2 4 3 7 8 9 3 2 10 11 
1 5 6 7 8 3 2 4 9 9 3 2 15 11 
1 5 6 4 2 3 7 8 9 3 10 11 
1 5 6 4 2 3 7 8 9 3 2 2 3 2 3 2 10 
1 5 6 2 3 9 10 
1 5 6 7 8 2 3 4 9 3 2 10 
5 1 6 7 8 2 3 4 9 2 10 11 
1 5 6 7 8 2 3 4 9 3 2 3 2 10 11 
1 5 6 2 4 3 7 8 9 3 2 3 10 
1 5 6 3 4 2 8 9 9 3 3 2 3 3 2 3 2 3 2 10 11 
1 5 6 7 2 3 4 8 9 2 3 2 10 11 
1 5 6 2 3 8 7 
1 5 6 7 8 2 3 3 2 4 12 3 4 2 2 3 4 9 2 3 10 11 
1 5 6 2 3 4 7 8 9 3 2 3 2 3 10 
1 5 6 3 2 7 8 9 9 3 3 10 11 
1 5 6 3 4 2 8 7 4 
1 7 5 6 8 3 4 2 12 3 4 2 3 2 4 4 3 2 2 3 4 9 10 11 
1 5 6 7 2 3 8 9 12 4 3 2 2 3 4 4 2 4 3 2 4 4 2 4 3 9 2 3 2 3 10 11 
1 5 6 4 2 3 8 7 9 3 2 3 10 
7 1 5 6 4 3 2 8 9 9 10 11 
1 5 6 7 8 4 2 3 
3 2 1 5 2 3 6 7 8 
1 4 3 2 5 6 4 4 7 8 
1 5 6 4 3 2 7 8 9 12 2 4 3 4 2 3 2 3 4 3 4 2 9 3 2 2 3 10 11 
1 5 7 6 3 4 2 8 9 2 3 10 
1 5 6 2 4 3 7 8 
1 5 6 2 3 4 9 13 
1 5 6 2 3 4 7 8 9 2 9 2 2 3 3 3 2 2 2 2 2 3 9 9 2 2 3 3 2 3 2 10 11 
1 5 6 3 2 4 7 8 3 2 4 
1 5 6 2 4 3 7 8 9 2 3 2 3 14 
1 5 2 3 4 6 7 8 12 12 2 3 4 2 3 4 2 2 3 4 4 3 4 2 4 2 3 2 4 3 9 10 
1 4 2 3 5 6 7 8 9 9 2 3 10 11 
6 1 5 2 3 4 7 8 12 4 3 3 4 2 9 10 11 
1 5 6 7 3 4 2 8 9 2 3 2 3 10 
1 5 3 4 2 6 7 8 9 2 3 3 2 10 11 
1 5 6 3 2 4 8 9 9 7 3 2 2 3 2 10 
1 2 4 3 5 6 7 8 2 
1 5 6 3 4 2 8 9 9 3 2 13 
1 5 6 2 3 7 8 
1 5 3 4 2 6 8 7 9 2 3 2 3 10 
1 5 6 2 3 8 9 4 9 9 7 2 3 3 2 13 
1 5 6 3 4 2 7 8 9 4 2 3 9 2 3 3 2 2 3 3 2 3 3 3 2 3 2 3 3 15 11 
1 2 4 3 5 6 8 9 9 7 10 
1 7 5 6 8 3 4 2 9 10 
1 5 6 4 2 3 7 8 
1 5 6 3 2 9 10 
1 5 6 2 3 4 7 8 9 2 3 12 2 4 3 9 10 11 
1 5 6 2 3 4 8 7 9 2 9 3 2 10 11 
1 5 6 2 4 3 7 8 9 9 10 
1 5 6 2 3 9 10 
1 5 2 4 3 6 9 3 2 3 2 3 2 3 2 10 11 
1 5 6 2 4 3 7 8 9 9 2 3 3 2 10 
1 5 6 3 4 2 7 8 9 2 3 9 2 3 3 3 10 
1 5 6 2 3 9 10 
1 5 6 2 3 4 8 7 9 9 2 3 3 2 10 11 
1 5 6 3 4 2 8 7 9 2 3 9 2 3 10 11 
1 5 6 3 2 4 8 7 9 2 3 13 
1 5 3 4 2 6 7 8 9 3 2 3 2 10 11 
1 5 6 7 8 3 2 4 
1 5 6 2 4 3 7 8 12 3 4 2 9 3 2 3 2 2 3 10 11 
1 5 6 7 3 2 4 8 
1 5 6 7 3 4 2 8 9 10 
1 5 6 7 8 2 3 4 9 3 2 9 3 2 2 3 2 3 10 
1 5 6 4 3 2 7 8 12 2 3 4 4 3 2 3 4 2 10 
1 5 3 4 2 6 12 4 2 3 4 2 3 4 9 10 11 
1 5 6 7 8 2 4 3 
1 5 6 4 2 3 7 8 9 9 2 3 10 
1 5 6 2 4 3 7 8 9 2 2 3 2 2 3 13 
1 3 2 5 6 4 7 8 9 3 2 2 3 3 2 10 11 
1 5 6 7 2 3 4 8 9 2 3 10 11 
1 5 6 4 3 2 8 9 3 2 3 2 2 3 2 3 3 2 2 3 2 3 3 3 2 10 11 
1 4 3 2 5 6 8 7 9 2 3 2 3 10 
1 5 6 3 2 4 7 8 
1 5 6 2 3 4 7 8 12 2 3 4 3 4 2 4 2 3 2 3 4 2 3 4 2 4 3 2 4 2 3 2 3 4 9 2 3 3 2 3 2 2 2 2 3 3 2 3 2 2 3 3 2 3 2 2 3 10 11 
1 5 6 7 2 3 4 8 9 9 2 3 10 
2 3 1 5 6 7 4 3 2 8 9 3 3 2 3 2 10 
1 5 6 7 2 3 4 8 
1 5 6 3 2 4 7 8 9 3 2 9 3 2 10 
1 5 6 2 3 7 8 9 9 3 2 2 3 3 2 3 2 3 2 3 2 3 3 2 3 3 2 10 
1 5 6 3 4 2 7 8 9 2 3 9 3 2 10 
1 5 6 7 2 3 4 8 9 2 3 9 2 3 10 11 
1 5 6 2 4 3 7 8 9 
1 5 3 4 2 6 8 7 9 9 10 11 
1 5 6 3 2 9 2 3 2 2 3 3 2 10 3 2 
1 5 6 3 2 4 7 8 12 4 2 4 3 4 3 4 2 4 2 3 9 2 3 9 3 2 3 3 10 
1 5 6 2 3 4 7 8 9 9 2 3 10 
1 5 6 2 4 3 8 7 9 3 2 3 9 2 2 3 9 3 2 10 11 
1 5 6 7 2 3 4 8 9 9 3 10 
1 5 6 7 2 4 3 8 9 12 3 4 2 4 2 3 9 3 2 3 4 2 3 4 3 2 2 3 10 
1 5 6 7 8 2 3 4 4 9 9 3 2 10 
1 5 6 3 2 9 2 2 9 10 
1 5 6 4 3 2 7 8 9 2 3 2 3 2 10 
1 5 6 3 4 2 7 8 9 3 2 10 
1 5 6 7 8 2 4 3 9 3 10 
1 5 6 2 3 9 2 3 2 2 2 2 2 4 3 2 10 11 
1 5 6 3 2 4 8 9 9 2 3 2 3 10 11 
1 5 6 2 9 2 2 2 3 2 2 2 2 2 2 3 2 10 
1 5 6 7 8 2 4 3 9 2 2 3 10 
2 3 1 5 6 4 2 3 7 8 9 2 3 3 2 10 
1 5 6 3 2 4 7 8 9 9 12 3 2 4 4 4 2 3 3 4 2 3 2 4 4 3 2 3 2 4 2 4 3 3 2 4 4 2 3 16 11 
1 5 6 3 4 2 9 9 10 
1 7 6 8 5 4 3 2 9 2 3 10 11 
1 5 6 2 3 4 7 8 9 3 2 10 11 
1 5 6 4 2 3 9 2 3 2 3 2 3 3 2 2 3 3 2 3 4 3 2 3 3 3 3 2 3 2 3 10 11 
1 5 6 3 4 2 8 9 2 3 10 
1 5 6 2 3 4 7 8 
1 5 6 4 2 3 9 3 2 3 2 3 2 3 10 11 
1 5 6 3 2 4 7 8 9 2 3 3 2 10 
1 5 6 4 2 3 7 8 
1 5 6 7 8 4 2 3 9 9 2 3 2 2 2 2 2 3 2 2 2 3 2 3 2 2 3 2 15 
1 5 6 3 4 2 8 9 7 13 
1 5 6 4 2 3 8 9 2 3 10 
1 5 6 2 4 3 8 7 9 2 3 9 3 2 9 2 3 2 3 10 
1 5 6 8 2 3 4 9 10 
1 5 6 7 2 3 8 9 2 2 3 3 2 10 11 
1 5 6 3 4 2 7 8 9 10 
1 5 6 4 3 2 8 9 3 3 2 10 11 
1 5 3 4 2 6 7 8 
1 5 6 2 4 3 7 8 9 3 2 10 
1 5 6 2 3 4 8 9 9 7 3 2 9 2 3 10 11 
1 6 5 7 8 3 2 4 9 9 10 11 
1 5 6 7 3 4 2 8 9 3 2 10 
1 5 6 3 2 9 2 3 3 2 3 2 2 3 3 2 10 
1 5 6 3 4 2 7 8 9 2 3 10 11 
1 5 6 3 2 4 8 7 9 2 3 9 2 3 10 11 
1 3 4 2 7 5 6 8 
1 5 6 2 3 12 3 2 4 2 2 2 2 4 4 2 3 2 4 2 3 4 13 
1 5 6 2 4 3 8 9 3 2 10 11 
1 5 3 4 2 7 6 8 9 3 4 3 10 
1 5 6 3 2 4 8 7 9 3 2 3 2 3 2 3 2 9 2 3 2 10 
1 5 6 3 2 9 10 
1 5 6 2 3 4 7 8 9 3 9 3 10 
1 5 6 4 3 2 7 8 9 3 2 2 3 10 11 
1 5 3 2 6 8 9 4 9 13 
1 5 6 7 8 4 2 3 9 2 3 9 10 
1 5 6 4 3 2 7 8 9 2 3 10 
1 5 6 4 3 2 8 9 9 3 2 3 15 11 
2 1 5 6 3 4 2 8 9 9 2 10 
1 5 6 4 3 2 9 10 11 
1 5 2 4 3 6 7 8 9 3 2 10 11 
1 5 6 7 8 2 4 3 
1 5 4 2 3 6 7 8 9 3 2 9 2 3 10 11 
1 5 6 4 2 3 7 8 9 9 2 3 10 11 
1 5 6 7 2 4 3 8 
1 5 3 4 2 6 7 8 9 3 2 2 3 10 11 
1 5 6 3 2 4 9 7 8 3 10 
1 5 6 4 2 3 9 9 10 
1 5 6 7 3 4 2 8 9 2 3 9 3 2 10 11 
1 5 6 4 2 3 7 8 9 3 2 9 3 2 2 3 3 10 
1 5 6 3 2 4 9 9 3 2 2 3 2 3 2 3 3 2 2 3 14 
1 5 6 4 3 2 8 9 7 3 2 3 2 10 
1 5 6 7 8 4 3 2 9 9 2 3 3 3 2 3 10 11 
1 5 6 3 2 9 3 10 11 
1 5 3 2 4 6 7 8 9 12 3 4 2 4 2 3 4 12 4 3 2 4 2 3 2 3 4 9 3 2 3 2 3 2 9 3 2 10 11 
1 5 6 4 2 3 7 8 9 3 2 2 3 10 
1 5 6 7 8 3 2 4 9 2 2 2 3 9 2 3 3 10 
1 5 6 2 3 4 7 8 9 2 3 3 2 2 3 2 9 3 2 2 2 3 3 2 10 
1 5 6 2 3 4 7 8 12 4 2 3 4 3 4 2 9 3 2 3 10 
2 3 1 5 6 4 2 3 7 8 9 2 3 4 2 3 9 9 3 2 3 2 3 9 13 
1 5 3 2 4 6 7 8 12 4 3 2 2 3 4 3 4 2 9 2 3 10 11 
1 5 2 3 4 6 8 9 3 2 10 
1 5 4 3 2 6 7 8 9 3 2 10 11 
1 5 6 7 8 3 4 2 12 2 3 4 4 3 2 4 2 3 9 10 11 
1 5 6 2 3 4 7 8 9 3 2 3 2 3 10 
1 5 6 2 3 4 7 8 9 9 9 3 2 3 2 10 
1 5 6 2 3 4 7 8 9 2 3 10 
1 5 6 2 3 4 8 9 4 10 
1 5 6 4 3 2 7 8 9 2 3 3 2 9 3 2 3 9 9 3 3 2 3 2 3 3 2 3 3 9 15 
1 5 2 3 6 7 8 9 9 3 2 3 10 
1 5 3 4 2 6 7 8 9 9 2 3 10 11 
1 2 3 4 5 6 8 12 4 2 3 4 2 3 3 2 4 9 2 3 2 3 10 
1 5 6 2 3 4 7 8 9 4 3 3 4 2 2 3 2 3 13 
1 5 6 2 3 4 8 7 9 2 3 2 3 10 
1 5 6 4 3 2 8 
1 5 4 3 2 7 6 9 8 3 3 2 3 2 10 11 
7 1 5 6 8 2 4 3 9 2 3 2 3 10 11 
1 5 6 2 4 3 7 8 9 2 2 3 3 3 10 11 
1 5 6 4 3 2 7 8 9 9 3 2 10 
1 5 6 4 2 3 7 8 9 2 2 10 11 
1 5 6 3 2 9 2 3 9 2 3 10 
1 5 6 7 8 4 2 3 9 2 3 9 3 2 3 10 
1 5 6 7 2 3 4 8 9 3 2 
1 5 6 7 8 3 2 4 9 3 2 10 11 
1 4 2 3 5 6 8 7 9 3 2 10 11 
1 5 6 7 2 3 4 8 12 2 3 4 3 4 2 2 4 3 9 13 
1 5 6 7 8 2 3 4 9 3 3 2 2 3 3 2 10 
1 5 6 3 4 2 7 8 9 14 
1 5 6 2 3 4 8 7 12 3 4 2 4 4 4 3 4 2 4 4 4 4 4 2 3 9 3 2 2 3 10 
1 5 4 2 3 6 7 8 9 3 2 3 2 10 
1 5 6 3 4 2 7 8 9 3 2 10 
1 5 6 2 3 4 7 8 12 4 2 3 2 3 4 9 2 3 3 2 2 2 3 2 3 10 11 
1 5 6 3 4 2 7 8 9 2 3 3 2 2 3 3 3 10 
1 5 6 4 3 2 8 7 9 2 3 2 2 3 3 2 2 10 11 
1 5 6 4 2 3 7 8 9 3 2 2 3 2 3 2 2 3 2 2 3 10 11 
2 3 1 5 6 8 9 2 3 2 3 3 3 2 3 10 
1 5 6 7 8 4 2 3 9 3 2 2 3 2 10 
1 5 4 3 2 6 7 8 9 3 2 2 3 9 2 3 2 2 3 2 3 2 3 2 3 3 2 3 2 3 14 11 
1 5 6 2 3 4 9 2 3 9 3 2 2 3 2 3 10 11 
1 5 4 3 2 6 7 8 9 2 3 3 2 9 2 3 9 2 3 10 
2 3 1 5 6 8 9 10 
1 5 6 4 3 2 7 8 9 3 2 2 3 3 2 10 11 
1 5 6 7 2 3 8 9 3 2 10 
1 5 4 2 3 6 7 2 8 9 9 2 3 3 2 2 3 10 11 
1 5 6 2 3 8 9 9 9 3 10 
1 5 6 2 3 4 8 7 9 2 10 
1 5 6 7 2 4 3 8 9 9 2 2 3 10 
1 5 6 2 4 3 9 7 8 
1 5 6 4 2 3 8 9 9 3 2 3 2 10 11 
1 5 6 3 4 2 7 8 9 2 3 2 3 10 11 
1 5 6 8 2 3 4 7 9 3 2 3 10 
1 5 6 4 3 2 7 8 9 10 
1 5 6 4 2 3 8 7 9 2 2 3 2 2 3 2 3 3 2 2 3 10 
1 5 6 2 4 3 7 8 9 3 2 2 3 12 2 3 4 4 3 2 4 2 3 9 2 2 3 10 11 
1 5 6 3 2 9 2 3 3 2 10 11 
1 5 6 2 3 9 10 
1 5 2 3 4 6 8 7 9 9 3 2 2 3 10 11 
1 5 6 7 8 3 2 4 9 2 3 9 2 3 2 3 10 
1 2 4 3 5 6 8 
1 5 6 2 3 4 7 8 9 2 3 3 2 10 
3 2 1 5 6 9 3 3 10 
1 5 6 3 4 2 7 8 9 2 2 3 10 11 
1 5 4 3 2 6 7 8 9 2 3 4 3 2 2 3 10 11 
1 5 6 7 8 2 4 3 9 2 3 10 11 
1 5 2 3 6 7 8 13 9 
1 5 6 4 2 3 8 9 3 2 9 2 3 3 10 
1 5 3 4 2 6 7 8 
1 5 6 4 2 3 7 8 12 2 4 3 2 3 4 4 4 3 2 9 2 3 2 3 3 2 3 10 11 
1 6 5 8 2 3 7 9 3 2 3 2 3 3 2 10 
1 5 6 8 2 4 3 7 9 2 3 9 14 
2 3 1 5 6 9 3 2 9 3 2 3 2 3 14 
1 6 5 3 2 4 4 7 8 12 4 2 3 4 3 4 2 9 2 3 2 2 3 2 3 2 3 2 3 2 3 2 2 3 2 3 10 
1 5 6 4 3 2 9 9 2 3 3 2 16 
1 5 6 7 4 2 3 8 12 3 2 4 2 4 3 3 2 4 4 3 2 9 2 3 3 2 3 2 3 2 2 3 3 2 10 
1 5 6 3 2 9 3 2 3 2 2 2 2 2 2 2 2 2 3 10 
1 5 6 4 2 3 7 8 9 9 3 3 3 10 11 
1 5 6 3 2 4 7 8 9 2 4 3 9 3 2 2 3 10 11 
1 5 4 3 2 6 7 8 
1 5 6 4 3 2 7 8 9 2 3 10 
1 5 3 2 6 9 10 
1 5 6 2 4 3 8 7 12 3 4 2 4 2 4 3 2 4 4 2 3 4 9 2 3 3 3 3 2 3 2 3 2 3 2 3 2 9 10 11 
1 5 6 2 3 8 7 
1 5 7 2 3 2 4 6 8 
1 5 6 2 3 7 8 9 3 2 3 2 3 2 10 
1 5 6 7 3 4 2 8 9 2 3 2 3 2 10 11 
1 5 6 3 4 2 7 8 9 9 3 2 3 2 3 2 10 11 
1 7 5 6 4 2 3 8 9 2 3 10 11 
1 5 6 4 3 2 7 8 9 3 2 3 9 3 2 3 3 2 2 2 3 3 2 3 3 2 2 10 
1 5 6 3 2 4 8 7 
1 5 6 3 4 2 7 8 9 2 3 3 2 3 2 2 3 3 2 2 3 3 2 3 3 10 
1 5 6 2 3 4 8 7 9 9 13 
1 7 5 6 3 4 2 8 9 2 9 4 3 2 4 2 3 2 3 4 3 2 13 
1 5 6 4 2 3 7 8 9 2 3 9 2 3 4 3 2 9 2 12 3 4 2 2 2 3 4 2 9 2 3 2 2 2 2 3 2 3 2 15 11 
1 5 6 7 2 3 4 8 9 9 3 2 2 3 3 2 10 11 
1 5 6 4 3 2 7 8 9 2 3 
1 5 3 4 2 6 7 8 9 3 2 10 
1 7 5 6 3 4 2 8 9 9 2 3 9 10 
1 5 6 7 8 2 3 4 9 3 2 2 3 10 11 
3 2 1 5 6 9 3 2 12 2 3 4 2 2 12 2 3 4 2 2 2 4 3 2 4 2 3 3 4 2 9 10 11 
1 5 6 8 3 2 9 2 3 7 3 2 10 
1 5 4 2 3 6 7 8 9 2 3 9 3 2 10 
1 5 6 7 8 2 3 4 9 3 2 9 2 3 2 10 
1 5 2 4 3 6 7 8 9 3 2 2 3 2 3 3 2 3 2 13 
1 5 6 2 3 4 7 8 
1 5 6 4 2 3 9 9 8 7 3 2 3 2 3 3 2 9 12 4 2 3 3 2 4 9 10 
1 5 6 4 2 3 8 7 9 12 4 3 2 3 2 4 3 2 4 9 3 2 3 2 3 2 10 11 
1 5 6 2 4 3 7 8 9 2 3 3 2 2 2 3 2 3 2 2 3 15 11 
1 2 3 4 5 6 7 8 9 9 3 2 3 2 10 11 
3 2 1 2 3 5 6 
1 5 6 2 9 10 11 
1 3 2 5 6 8 9 10 
1 5 7 2 3 4 6 8 9 2 3 9 3 2 10 11 
1 5 6 4 2 3 7 8 9 2 3 2 3 10 11 
1 2 3 4 5 6 8 7 9 12 4 3 2 4 3 2 2 3 4 3 2 4 3 4 2 9 3 10 
1 5 6 2 3 4 7 8 9 12 3 4 2 3 4 2 9 3 2 10 
1 5 6 2 3 4 7 8 9 3 2 4 3 2 3 2 2 3 2 3 2 3 2 3 10 
1 5 6 7 4 2 3 8 9 9 3 2 3 2 3 10 11 
1 5 6 7 2 3 4 8 9 9 10 11 
1 5 6 7 2 3 8 9 3 2 3 2 2 3 10 11 
1 5 6 2 3 4 7 8 
1 5 2 3 4 7 9 6 8 10 
1 5 6 7 4 3 2 8 9 9 2 3 10 
1 5 6 2 3 4 8 9 2 3 10 
1 5 6 2 4 3 8 9 2 3 3 2 10 
1 5 6 7 2 4 3 8 9 2 3 10 11 
1 6 5 3 2 7 8 4 12 2 3 2 4 2 3 4 2 
1 5 2 3 4 6 7 8 9 2 3 3 3 2 10 11 
1 5 6 4 2 3 7 8 12 4 4 2 4 3 4 2 4 4 2 3 4 4 3 4 2 2 3 4 2 3 4 9 10 11 
1 5 6 4 2 3 9 
1 5 6 7 3 2 4 8 9 3 2 2 2 3 4 4 2 3 3 2 10 11 
7 1 5 6 2 3 4 8 9 2 3 4 3 2 3 2 10 11 
1 5 6 8 4 2 3 9 13 
1 5 6 2 3 4 7 8 9 9 3 2 4 2 2 3 3 2 2 3 2 3 3 2 2 3 10 
1 5 6 7 8 3 4 2 9 3 2 10 
1 5 6 7 3 2 4 8 9 3 2 
1 5 6 9 12 2 3 4 2 4 3 2 3 4 9 3 2 2 3 3 2 10 
1 5 6 7 8 2 4 3 9 9 2 3 3 2 14 
1 5 2 3 6 7 4 8 9 3 2 3 2 10 
1 5 6 7 3 4 2 8 
1 5 3 2 4 9 6 7 8 10 
1 5 6 4 2 3 9 9 3 2 10 
1 5 6 3 2 7 8 9 2 3 9 3 2 3 10 11 
1 7 5 4 2 3 6 8 9 10 
1 6 5 7 4 3 2 8 9 3 4 2 3 2 3 2 2 3 13 
1 5 6 7 3 2 4 8 9 4 3 2 3 2 4 3 2 4 2 3 10 11 
1 5 6 2 4 3 7 8 9 2 3 3 2 3 10 11 
1 5 6 4 2 3 7 8 9 3 2 9 2 3 3 2 10 
1 5 2 3 6 9 2 3 2 2 3 3 2 10 
1 5 6 2 3 4 7 8 9 2 3 9 2 3 10 
1 5 6 4 3 2 7 8 9 9 10 
1 5 4 3 2 6 7 8 9 9 3 2 2 3 13 
1 5 6 2 3 4 7 8 12 2 3 4 9 2 3 10 
1 5 6 4 2 3 7 8 9 2 9 2 10 
1 5 6 3 2 4 7 8 9 3 2 2 3 9 9 2 3 2 3 2 2 3 3 2 2 3 2 2 3 13 
1 7 6 8 5 4 2 3 9 2 3 10 
1 5 6 2 3 4 7 8 9 3 2 3 2 10 
1 5 6 3 2 4 7 8 9 3 2 10 
1 6 8 5 3 2 4 7 9 3 2 9 10 
1 5 6 2 3 4 7 8 9 9 3 2 2 3 2 2 3 3 2 3 2 2 2 3 2 3 3 2 10 11 
1 5 3 2 4 6 9 13 
1 5 6 2 4 3 8 9 3 10 
1 5 6 2 3 4 7 8 9 9 2 3 10 
1 5 6 2 3 4 7 8 9 2 3 10 11 
1 5 3 2 4 6 7 8 9 2 2 2 3 3 2 2 3 13 
1 5 3 2 6 9 3 2 3 10 11 
1 5 6 4 2 3 7 8 9 4 3 2 9 3 4 2 2 3 3 10 11 
1 5 6 4 3 2 8 9 3 2 9 3 3 2 10 11 
1 5 6 8 2 4 3 9 3 3 2 10 
1 5 6 4 2 3 8 9 3 10 
1 5 6 7 8 3 4 2 
1 5 6 2 3 12 2 2 2 3 3 13 
1 5 6 7 4 2 3 8 9 2 3 2 3 10 11 
1 5 6 4 2 3 9 9 3 2 10 11 
1 5 6 3 2 4 7 8 9 3 2 15 
1 5 6 4 2 3 7 8 9 2 3 10 11 
1 5 6 2 3 4 7 8 9 9 2 3 10 11 
1 5 6 2 4 3 7 8 9 3 2 10 
1 5 6 2 4 3 7 8 9 2 3 3 3 2 2 3 10 11 3 4 2 
1 5 6 2 4 3 7 8 9 3 2 3 2 3 2 2 3 2 3 2 3 10 11 
1 5 6 7 8 3 2 4 9 10 11 
1 5 6 4 3 2 7 8 9 2 3 3 2 2 3 10 11 
1 5 6 2 3 4 7 8 9 2 3 9 2 3 10 
1 5 6 2 4 3 7 8 
1 5 6 3 4 2 7 8 9 
1 5 6 4 3 2 8 7 9 10 
1 5 6 3 2 4 7 8 5 
1 5 6 4 2 3 7 8 9 3 3 2 3 2 10 11 
1 5 6 2 4 3 7 8 9 
1 5 6 2 3 4 8 7 9 3 2 10 
1 5 6 2 4 3 8 7 9 9 9 10 
1 5 6 7 8 2 3 4 9 3 2 3 2 9 3 2 3 2 13 
1 5 6 3 2 4 7 8 12 3 4 2 4 4 3 2 9 3 2 3 10 11 
1 5 2 3 9 6 9 2 3 2 3 2 3 14 
7 1 5 6 2 3 4 8 9 10 11 
1 5 6 7 3 4 2 8 9 3 2 3 10 
1 5 6 2 3 4 9 13 
1 5 6 2 3 4 7 8 9 3 2 9 2 3 14 
5 1 6 7 8 2 3 4 9 9 3 2 3 2 14 11 
3 4 2 1 5 6 7 8 9 2 3 3 2 3 2 2 3 14 
1 5 6 7 8 4 2 3 9 4 2 3 3 2 2 3 10 
1 5 6 2 3 4 7 8 9 2 3 3 10 
1 5 6 3 4 2 7 8 2 3 4 12 2 4 2 4 2 3 4 3 2 13 
1 5 6 7 3 4 2 8 9 3 3 3 14 
1 5 6 2 4 3 8 
7 1 5 6 8 3 2 4 9 9 2 3 2 3 10 
1 5 6 3 4 2 7 8 9 9 9 2 2 3 2 3 12 2 3 4 2 2 2 2 2 2 2 3 4 2 2 2 2 2 2 2 2 4 3 4 2 3 9 2 2 2 10 11 
1 5 6 2 3 9 3 2 9 3 2 2 3 3 2 13 
1 5 6 4 3 2 7 8 3 4 2 12 4 2 3 2 3 4 2 3 4 4 2 3 3 4 2 2 3 4 2 3 4 9 2 2 3 2 2 3 2 2 3 15 11 
1 5 6 3 2 4 7 8 9 3 3 2 3 2 2 3 2 3 3 2 3 2 10 
1 5 2 3 6 7 8 9 2 3 2 3 3 2 3 3 2 3 2 3 2 3 2 2 3 3 2 2 3 3 3 3 2 3 2 3 3 2 10 
1 5 6 7 4 2 3 8 9 9 4 2 3 2 3 2 3 3 2 3 10 11 
1 5 6 3 4 2 7 8 9 2 3 2 2 10 11 
7 1 5 6 8 4 2 3 9 9 3 2 2 10 11 
1 5 6 4 2 3 7 8 9 3 10 11 
1 5 6 2 3 4 7 8 9 10 
1 5 6 2 4 3 7 8 9 3 2 10 
1 5 6 2 3 4 7 8 9 10 
1 5 6 3 2 4 7 8 9 2 3 10 11 
1 5 6 2 4 3 7 8 9 3 2 2 3 2 3 3 2 3 2 14 
1 5 6 2 4 3 7 8 9 2 3 9 3 2 10 
1 5 6 7 8 2 3 4 9 9 3 2 3 2 2 10 
1 5 6 7 4 2 3 8 9 2 3 2 3 3 2 2 3 2 3 14 11 
1 5 6 3 2 4 7 8 12 4 4 3 2 9 2 3 2 3 2 3 2 10 11 
1 5 6 2 3 4 7 4 2 3 8 9 10 11 
1 5 6 7 2 3 4 8 9 2 3 10 11 
1 5 6 4 3 2 8 9 7 3 2 10 
1 5 6 2 3 4 9 9 10 
1 5 6 4 3 2 7 8 9 10 
1 5 6 4 2 3 8 12 4 2 3 2 3 4 2 3 4 3 2 4 3 2 4 4 2 3 2 3 4 9 3 2 3 2 2 9 10 
1 5 6 4 3 2 9 2 3 9 2 3 2 3 2 3 2 3 2 3 10 11 
1 5 6 2 3 4 7 8 9 2 3 3 2 10 
1 5 6 4 3 2 7 8 9 9 3 2 3 2 10 11 
1 5 6 3 2 4 8 9 9 2 3 2 3 10 
1 5 6 7 4 2 3 8 9 9 2 3 10 
1 2 3 4 5 6 8 9 9 2 3 9 12 4 3 2 4 3 2 2 4 3 9 2 3 3 2 3 10 
1 5 7 2 3 4 6 8 9 3 10 11 
1 5 6 7 8 2 4 3 9 9 2 3 3 2 3 2 10 
1 5 6 4 2 3 7 8 9 9 2 3 2 3 10 11 
1 5 3 4 2 6 7 8 9 3 2 9 10 
1 5 6 2 3 4 7 8 9 2 3 
1 5 6 7 2 4 3 8 9 10 11 
1 5 6 7 4 3 2 8 9 3 4 2 9 2 3 10 11 
1 2 3 4 5 6 8 7 9 2 3 10 
1 5 6 2 3 4 7 8 9 2 3 9 2 3 9 10 
1 5 3 4 2 6 7 8 9 2 3 2 2 3 2 9 10 11 
1 5 3 2 4 6 7 8 9 2 3 2 3 2 3 2 10 11 
1 5 4 3 2 7 6 8 9 9 3 2 3 2 3 10 11 
1 5 6 3 2 4 7 8 9 2 3 2 15 
1 5 6 7 8 4 2 3 9 2 3 10 
1 5 6 7 8 2 4 3 9 3 2 3 2 10 
1 5 6 3 2 4 9 3 2 10 11 
1 5 6 7 2 4 3 8 9 
1 5 6 4 2 3 8 7 9 3 2 2 10 11 
1 5 6 3 4 2 9 2 3 2 3 10 
1 5 6 2 3 7 8 9 2 2 2 2 2 10 11 
1 5 6 8 7 4 3 2 9 9 2 3 2 3 10 
1 2 4 3 5 6 7 8 9 9 3 3 2 3 2 10 
1 5 6 2 3 4 8 9 2 3 7 10 11 
1 5 6 7 8 3 4 2 9 2 3 3 2 10 
1 5 6 7 4 3 2 8 9 3 2 9 3 2 3 2 3 2 3 10 
1 2 4 3 5 6 7 8 9 9 3 2 10 11 
1 5 2 3 4 6 7 8 9 9 2 3 2 2 3 2 3 2 3 3 2 3 2 3 3 2 3 3 3 2 3 3 2 2 2 2 3 13 
1 5 6 7 4 3 2 8 9 9 2 3 4 2 3 3 2 10 11 
2 3 1 5 6 8 9 3 2 9 3 2 9 12 2 4 3 3 4 2 2 2 4 3 9 2 3 2 3 2 3 3 2 10 
1 5 6 7 2 4 3 8 9 
1 5 2 4 3 6 9 9 3 2 2 3 3 2 3 3 2 3 3 15 
1 5 6 4 2 3 7 8 9 2 3 3 2 10 
1 5 6 4 2 3 7 8 9 4 9 4 2 3 4 3 10 
1 5 6 4 2 3 8 7 
1 5 6 3 4 2 7 8 9 10 
1 4 3 2 5 6 7 8 9 10 
1 5 6 3 4 2 7 8 9 3 2 4 9 3 2 10 
1 5 6 2 4 3 7 8 9 2 3 10 
1 5 6 4 3 2 8 2 3 7 
1 5 6 7 8 4 2 3 
1 5 6 7 8 4 2 3 9 2 3 2 3 13 
1 3 2 4 5 6 7 8 9 3 2 3 2 2 3 10 
1 5 3 2 6 7 4 8 
1 5 6 7 8 2 4 3 9 3 4 2 2 3 10 
1 5 2 3 6 9 10 11 
1 5 6 2 3 9 2 3 2 3 3 2 3 2 2 3 3 2 15 
1 5 2 3 4 6 7 8 9 3 2 9 3 2 3 10 
1 7 5 6 8 4 3 2 9 3 10 
1 5 2 3 4 6 8 9 7 
1 5 6 2 3 4 7 8 9 9 2 3 10 11 
1 5 6 3 2 4 7 8 9 
1 5 6 2 4 3 7 8 9 13 
1 5 6 2 3 4 7 8 9 3 2 2 3 2 3 10 11 
1 5 6 4 2 3 7 8 9 3 2 2 3 10 11 
1 5 6 4 3 2 7 8 9 3 2 3 2 10 
1 5 2 4 3 6 7 8 
1 5 6 7 8 2 4 3 9 2 3 3 2 3 2 3 2 3 2 10 11 
1 5 6 4 2 3 7 8 9 2 3 10 
1 5 6 3 2 4 8 
1 7 5 2 3 4 6 8 9 4 2 9 9 2 3 3 2 2 3 2 10 
1 3 4 2 5 6 7 8 9 9 2 3 3 2 10 
1 5 4 2 3 6 7 8 9 2 3 9 10 
1 5 6 4 2 3 7 8 9 2 3 9 2 3 2 3 2 3 2 3 2 3 10 
1 5 2 4 3 6 7 8 9 3 2 2 3 2 3 9 3 2 10 11 
6 7 8 1 5 4 3 2 4 3 2 
2 1 5 6 7 3 2 4 8 9 3 2 10 
1 5 6 4 2 3 7 8 9 9 2 3 3 2 10 11 
1 5 6 4 2 3 7 8 9 9 3 10 11 
2 3 1 5 6 7 4 8 9 9 3 2 3 3 10 
1 5 6 4 3 2 7 8 9 4 2 3 2 3 3 2 3 2 3 2 3 3 2 2 3 2 3 9 9 13 
1 5 6 4 3 2 7 8 9 9 4 3 2 2 3 2 3 10 
1 5 6 3 2 4 7 8 9 3 2 3 2 3 2 10 
1 5 6 3 2 4 7 8 9 3 3 10 
1 5 6 4 3 2 8 7 9 9 2 3 10 11 
1 5 6 3 4 2 7 8 9 2 3 9 3 2 10 
1 5 6 7 8 2 3 4 9 4 2 3 9 9 2 3 2 3 10 
1 5 6 3 2 4 7 8 9 4 3 2 2 3 2 2 2 2 2 9 10 11 
2 1 5 6 7 2 3 4 8 9 2 3 10 11 
5 1 6 3 2 4 7 8 9 2 3 9 10 11 
1 5 6 7 2 3 4 8 12 3 4 2 12 9 3 2 10 11 
1 5 6 3 4 2 7 8 9 3 2 2 3 2 3 10 
1 5 6 2 3 9 3 2 3 10 
1 5 6 7 2 4 3 8 9 9 3 2 10 
1 5 3 2 4 6 7 8 9 3 2 2 3 3 2 10 11 
1 5 6 4 3 2 8 9 3 2 9 2 3 10 
2 3 1 5 2 3 4 6 7 8 9 3 10 
1 5 6 2 4 3 8 7 9 9 2 3 3 2 3 9 9 3 9 2 3 3 2 10 
1 5 6 4 3 2 8 9 3 2 9 3 2 2 3 10 11 
6 1 5 3 2 4 8 7 9 2 3 9 2 3 13 
1 5 6 7 4 2 3 8 9 10 
1 5 6 2 4 3 7 8 
1 7 5 6 4 2 3 8 12 4 2 4 3 9 3 2 10 
5 2 3 4 2 1 12 4 2 3 3 4 2 3 2 4 2 4 3 2 3 4 4 3 2 9 2 3 10 11 
2 1 5 6 3 4 2 7 8 9 3 2 10 
1 5 6 2 3 4 7 8 9 2 3 10 
1 5 6 4 3 2 8 9 3 3 2 10 
1 5 6 3 4 2 8 7 9 3 2 3 10 11 
1 5 6 7 3 2 4 8 9 3 2 2 3 9 9 9 3 2 9 2 2 3 3 2 2 3 2 3 13 
1 5 6 2 4 3 7 8 9 2 3 4 3 2 9 3 2 2 3 10 
1 5 6 7 8 2 3 4 9 3 2 2 3 10 11 
1 5 6 2 4 3 8 7 
3 2 1 5 6 4 3 2 7 8 9 13 
1 5 6 4 2 3 7 8 9 10 
1 5 3 2 4 6 9 2 3 2 3 3 2 3 2 2 3 3 2 2 3 13 
1 5 6 2 3 4 7 8 9 9 3 2 12 3 4 2 2 4 3 9 3 2 9 3 2 2 3 3 2 3 2 3 16 
1 5 6 2 4 3 7 8 9 2 9 3 2 10 
1 5 6 2 3 8 7 9 2 2 2 13 
1 5 4 2 3 6 7 8 9 9 3 2 2 3 3 10 11 
1 5 4 3 2 6 7 8 9 9 2 3 10 
1 5 6 3 2 4 8 9 7 3 2 3 2 10 11 
1 5 7 6 4 3 2 8 9 9 2 3 2 3 2 3 10 11 
1 5 3 4 2 6 7 8 9 3 2 3 2 2 2 3 10 11 
1 5 6 4 2 3 7 8 
1 5 6 2 3 9 3 3 2 3 2 2 3 2 3 10 
1 4 2 3 5 6 9 2 3 3 2 10 
3 1 5 6 7 4 2 3 8 9 12 2 4 3 4 3 2 9 2 3 2 3 10 
1 5 6 7 8 4 2 3 9 3 2 9 10 11 
1 2 3 4 5 6 7 8 9 
1 5 4 2 3 6 8 7 9 9 3 2 2 3 3 2 10 
1 5 6 3 4 2 8 9 7 2 3 10 11 
1 5 6 2 3 4 7 8 9 4 9 9 9 3 2 3 2 3 2 9 10 
1 5 6 2 3 4 7 8 
1 5 6 2 3 4 7 8 9 2 3 9 3 2 10 
1 5 6 4 3 2 8 9 2 3 9 2 3 2 3 2 3 3 2 3 2 2 3 10 
1 5 6 2 3 4 4 7 8 3 2 4 12 4 2 3 4 4 4 2 3 9 2 3 4 3 2 2 3 4 9 2 3 2 3 2 3 3 2 13 
1 5 6 3 2 7 8 12 4 4 2 4 3 4 4 4 2 3 4 2 3 9 2 3 3 2 3 2 3 2 3 10 
1 5 6 3 4 2 7 8 9 9 2 3 2 3 2 2 10 11 
1 5 3 4 2 7 9 6 8 12 3 4 2 2 3 4 9 2 3 3 2 10 
1 5 6 3 2 9 10 
1 5 6 2 3 4 7 8 3 2 
1 7 5 6 4 2 3 8 9 3 3 2 9 9 2 3 10 
6 8 7 1 5 3 2 4 9 9 3 2 9 2 3 2 9 2 2 10 11 
1 5 6 2 3 4 8 9 3 2 2 3 10 11 
1 5 6 2 3 4 7 8 2 3 
1 5 3 2 4 6 8 9 9 2 3 2 3 15 11 
1 5 6 4 3 2 8 9 2 10 
1 5 6 2 3 7 8 9 2 3 9 3 3 10 
1 2 4 3 5 6 8 7 
1 5 6 3 2 7 8 4 
1 5 6 3 4 2 7 8 9 2 3 13 
1 5 6 3 2 4 7 8 9 3 2 4 2 3 2 3 2 3 3 2 3 2 14 11 
7 1 5 6 4 2 3 8 9 2 3 4 3 4 2 13 
1 7 5 2 3 4 6 8 9 9 2 3 3 10 11 
1 5 6 4 2 3 7 8 9 3 2 2 3 10 
1 5 6 7 2 3 4 8 9 10 11 
1 5 6 2 3 4 7 8 9 3 2 10 
1 7 5 6 4 3 2 8 
1 5 2 3 4 6 7 8 9 2 3 2 3 2 3 10 
1 5 6 3 4 2 9 2 3 2 9 4 3 2 13 
1 5 6 2 3 4 8 9 2 3 4 9 7 3 2 10 11 
1 5 6 7 4 3 2 8 9 2 3 2 3 2 3 10 
1 5 6 4 2 3 8 12 3 2 4 2 3 4 9 9 2 3 3 2 10 
1 5 6 4 3 2 9 10 11 
1 5 6 2 3 9 2 9 2 2 2 2 2 2 2 2 3 2 2 2 2 2 16 
1 5 6 4 2 3 7 8 
1 5 6 4 2 3 9 3 2 3 2 2 3 10 
1 5 6 2 3 4 8 9 3 2 12 2 3 4 2 3 4 4 3 2 2 3 4 3 4 2 4 3 2 4 2 3 2 4 3 9 10 
1 5 6 2 3 4 7 8 
1 5 6 2 4 3 7 8 9 3 2 3 2 14 
1 5 6 3 2 4 7 8 12 3 2 4 9 9 2 3 15 
1 5 6 3 2 9 3 2 2 3 16 
1 5 6 4 2 3 7 8 9 2 3 2 3 2 3 2 3 10 
1 5 6 7 8 3 2 4 12 3 4 2 4 3 2 9 3 2 10 11 
1 7 5 6 4 2 3 8 9 3 2 10 
1 6 7 8 5 2 4 3 9 9 2 3 10 
1 5 6 2 3 4 7 8 9 2 3 10 
1 5 6 3 4 2 7 8 9 9 3 2 3 3 10 
1 5 6 7 4 2 3 8 9 2 3 2 2 3 3 2 10 
1 5 6 3 4 2 7 8 9 9 2 3 3 10 
1 5 6 2 4 3 7 8 9 3 2 4 4 3 9 3 4 2 3 9 10 
1 5 4 2 3 6 7 8 9 2 3 9 3 10 
1 5 6 4 3 2 7 8 9 3 3 10 
1 5 6 2 3 9 2 3 10 11 
1 5 6 2 4 3 7 8 9 10 11 
1 5 6 3 4 2 7 8 9 3 2 2 3 14 11 
1 5 6 7 2 3 4 8 9 3 3 10 
1 5 2 3 4 6 7 8 
1 5 6 7 3 2 4 8 9 9 2 3 3 2 10 
1 5 6 7 3 2 4 8 9 2 3 9 2 3 3 2 3 2 14 
1 5 6 7 8 2 3 4 9 3 10 
1 5 6 3 4 2 9 3 2 4 2 3 10 
1 5 6 7 8 3 2 4 12 4 13 
1 5 6 7 8 4 2 3 12 2 3 4 3 4 2 4 3 2 4 9 3 2 2 3 3 2 3 2 3 2 2 3 10 
1 5 6 3 2 4 8 9 2 3 2 3 10 
1 5 6 2 4 3 7 8 9 4 9 2 3 10 
1 5 6 2 4 3 7 8 9 3 2 10 
1 5 6 7 2 4 3 8 9 3 2 3 2 10 11 
1 5 6 3 4 2 9 9 3 3 3 10 
1 5 6 2 4 3 9 9 12 4 2 3 2 4 7 8 2 3 4 4 2 3 9 2 2 10 11 
1 5 6 3 2 4 7 8 9 2 3 2 3 10 
1 5 4 2 3 6 7 8 9 3 10 
1 5 6 7 2 4 3 8 9 3 2 4 4 3 2 2 3 4 16 
1 5 6 3 2 4 7 8 
1 5 6 4 2 3 7 8 9 2 3 10 11 
1 5 2 4 3 12 6 7 8 2 4 3 3 4 2 9 2 3 10 
1 5 6 4 3 2 7 8 9 2 3 2 3 10 11 
1 5 6 3 4 2 7 8 9 3 2 2 10 11 
1 5 6 7 3 2 4 8 
1 5 6 3 2 4 7 8 9 3 2 3 2 3 3 2 15 11 
1 7 5 6 3 2 8 9 2 3 10 
1 5 6 7 2 3 4 8 
7 1 5 6 8 2 3 4 9 9 3 2 3 2 3 10 11 
1 5 6 2 3 4 9 2 3 4 
1 5 6 3 2 4 7 8 9 2 3 9 3 2 10 
1 5 6 3 2 4 7 8 9 4 9 2 3 10 11 
1 7 5 6 2 3 4 8 12 2 3 4 9 2 9 10 11 
1 5 6 3 4 2 7 8 9 2 3 2 3 3 2 3 2 3 2 10 11 
1 5 6 4 3 2 7 8 9 3 2 3 2 10 11 
1 5 6 7 8 3 4 2 12 2 3 4 4 3 2 9 3 3 2 10 
1 5 6 4 2 3 7 8 9 9 3 2 3 12 4 3 2 4 9 9 3 2 3 2 3 2 3 2 3 2 3 2 3 10 11 
1 5 6 3 2 4 8 7 9 2 3 
1 5 6 7 3 2 4 8 4 
1 5 6 4 2 3 8 9 3 2 3 2 3 2 3 2 3 3 2 10 11 3 2 4 
1 5 6 2 3 4 7 8 9 9 2 10 
1 5 6 7 8 3 2 4 9 3 2 3 2 2 3 3 10 
1 5 6 2 3 4 7 8 9 3 10 11 
1 5 6 3 4 2 8 9 2 3 9 7 3 2 2 3 10 11 
1 5 6 2 3 9 9 10 11 
1 5 6 7 8 4 2 3 9 3 10 11 
1 5 6 2 3 4 7 8 9 9 2 10 11 
1 5 2 3 4 6 7 8 
1 5 6 8 3 4 2 7 9 3 2 9 3 2 10 
7 1 5 2 3 4 6 8 12 4 3 2 
1 5 6 7 4 2 3 8 12 4 3 2 9 9 10 
1 5 6 7 8 3 2 4 9 2 3 2 3 2 3 9 2 3 3 2 2 3 15 
1 5 6 2 3 4 7 8 9 9 3 2 4 2 3 10 
1 5 6 2 3 9 2 10 11 
1 5 6 7 3 2 4 8 
1 5 6 3 2 4 7 8 9 2 3 2 3 10 
1 5 6 7 8 2 3 4 9 10 
2 3 1 5 6 3 4 2 7 8 9 2 3 9 3 2 2 2 3 2 3 3 2 3 2 2 3 2 3 10 
1 5 6 7 2 3 4 8 9 2 3 10 11 
7 1 5 6 4 2 3 8 12 2 3 4 3 4 2 9 2 3 2 3 2 3 2 3 3 2 2 3 2 3 10 
1 5 6 7 8 2 4 3 9 2 3 10 11 
1 5 6 7 4 2 3 8 12 3 2 4 4 2 9 3 10 11 
1 5 6 4 3 2 7 8 9 
3 2 4 1 5 6 8 7 
1 5 3 2 4 6 7 8 9 3 2 3 3 10 
1 5 6 7 4 3 2 8 9 2 3 9 3 10 
1 5 6 3 2 4 8 7 9 2 3 10 11 
1 5 2 3 4 6 7 8 9 10 
1 5 6 2 3 4 8 9 7 2 3 3 2 10 
1 5 6 7 3 2 4 8 9 2 3 3 2 2 3 10 11 3 2 
1 7 5 6 8 4 2 3 9 3 2 10 11 
1 5 6 7 2 4 3 8 9 
1 5 6 2 4 3 7 8 
1 5 6 7 3 4 2 8 9 3 2 3 3 12 2 3 4 2 4 2 3 2 4 2 2 2 2 2 2 13 
1 5 6 4 3 2 7 8 9 3 2 9 2 3 2 3 2 3 3 2 10 
1 5 6 2 4 3 8 12 3 4 2 2 2 2 2 3 4 2 3 4 4 3 2 9 2 3 2 3 2 3 3 2 2 3 2 3 3 2 2 3 2 3 2 3 2 3 2 3 2 3 10 
1 5 3 4 2 6 7 8 9 9 2 3 3 2 3 2 2 3 15 11 
1 5 6 4 2 3 7 8 9 10 
1 2 3 5 6 7 8 
1 5 6 8 3 2 4 9 10 11 
1 5 3 2 4 9 6 7 8 9 2 3 10 
1 5 6 4 3 2 7 8 
1 5 6 3 2 7 8 
1 5 6 2 3 4 7 8 9 3 2 10 
1 5 6 4 2 3 7 8 9 10 
1 5 6 7 8 3 2 4 12 4 3 2 3 2 4 9 10 11 
1 5 6 2 3 8 9 3 3 3 3 10 11 
2 3 1 5 6 7 8 3 2 4 9 2 4 9 2 3 12 4 2 3 13 
1 5 6 4 3 2 8 9 3 2 9 3 2 2 3 2 3 10 
1 5 6 2 3 9 9 2 3 10 
1 5 6 4 2 3 7 8 9 10 
1 5 6 7 4 2 3 8 
1 5 6 2 3 4 7 8 
1 5 6 2 3 9 10 11 
1 5 6 7 2 3 4 8 9 9 3 2 3 10 11 
1 5 6 3 4 2 7 8 9 10 
1 5 2 3 4 6 7 8 9 2 3 10 11 
1 5 6 3 2 4 7 8 
1 4 2 3 5 6 8 
1 5 6 7 8 2 4 3 12 4 3 4 2 4 3 2 9 2 3 10 
1 5 6 3 2 4 9 13 
1 7 5 6 8 4 2 3 9 13 
1 5 6 7 3 4 2 8 9 5 2 3 3 2 10 11 
1 5 4 2 3 6 7 8 
1 5 6 2 3 4 8 7 9 9 2 3 2 3 2 10 
1 5 6 7 8 2 4 3 9 2 3 10 11 
1 5 6 2 3 9 12 2 3 4 3 4 2 2 3 4 9 10 11 
1 5 6 7 8 2 4 3 9 2 3 10 
1 5 6 2 3 4 7 8 9 2 3 10 11 
1 5 6 4 2 3 7 8 9 2 3 9 3 2 10 
1 3 4 2 5 6 7 8 9 2 3 10 
1 5 6 2 3 7 8 9 9 13 
1 5 6 7 8 3 4 2 9 2 3 2 2 3 3 2 9 14 
1 5 6 7 2 3 4 8 9 9 3 2 10 
1 5 6 3 2 4 8 9 3 2 7 
1 5 6 4 2 3 7 8 
1 5 2 3 4 6 7 8 9 2 3 4 2 3 3 10 
1 5 6 7 2 3 4 8 9 9 3 2 2 3 10 11 
1 5 6 2 3 4 9 10 
5 1 2 3 4 6 9 7 8 
1 5 6 7 8 3 4 2 9 2 3 13 
1 5 6 7 4 2 3 8 9 9 3 2 10 
1 5 6 7 8 4 2 3 9 9 12 2 3 4 4 4 2 3 9 2 3 10 11 
1 5 6 3 4 2 8 
1 5 6 7 3 2 4 8 9 2 3 2 3 10 
1 5 3 4 2 6 7 8 12 2 3 4 3 2 4 13 
1 5 6 7 8 4 2 3 9 9 2 3 2 3 10 
1 5 6 4 3 2 8 9 2 3 9 3 2 3 10 
1 5 4 2 3 6 7 8 
1 5 6 2 3 4 7 8 9 3 12 3 2 4 4 2 3 2 4 3 3 2 4 4 3 2 9 2 3 9 2 3 3 2 15 11 
1 3 2 4 5 6 7 8 9 3 2 2 3 10 11 
1 5 6 2 3 4 7 8 9 2 3 9 10 11 
1 5 6 2 3 4 7 8 9 3 2 2 3 2 3 2 3 2 3 2 3 2 3 3 2 2 3 10 11 
1 5 6 7 4 2 3 8 9 2 3 10 
1 5 6 7 4 2 3 8 3 2 9 9 3 2 10 
1 5 6 3 4 2 8 7 9 2 3 10 11 
1 5 6 3 2 9 3 15 
1 5 6 3 4 2 7 8 12 3 2 4 4 2 3 4 2 3 2 3 4 2 3 4 9 3 2 3 2 10 
1 5 6 3 4 2 8 9 2 3 3 10 11 
1 5 6 2 3 4 2 3 4 7 8 9 3 10 
1 5 6 4 3 2 7 8 12 4 2 3 9 2 3 10 
1 5 6 2 4 3 7 8 9 3 2 2 3 2 3 10 
1 5 6 2 9 2 10 
1 7 5 6 8 3 2 4 9 10 
1 5 6 7 8 3 2 4 9 3 2 9 10 
1 5 6 2 3 4 7 8 9 3 3 10 11 
1 5 6 3 2 4 7 8 9 9 10 
1 5 3 2 4 6 7 8 9 2 3 3 10 
1 5 6 3 2 4 7 8 
1 5 6 7 4 2 3 8 9 3 2 2 3 10 
1 5 6 2 3 9 3 2 10 
1 5 6 7 8 2 4 3 12 2 4 3 9 3 2 2 10 
1 3 2 4 5 6 7 8 9 3 2 10 
1 5 6 8 7 2 3 4 9 2 3 10 
1 5 2 3 4 6 7 8 12 2 3 4 
1 5 4 3 2 6 7 8 9 2 3 3 2 2 3 10 
1 5 6 7 8 12 3 2 4 3 2 4 3 4 2 2 3 4 2 3 4 9 2 3 10 11 
1 5 3 2 4 6 7 8 9 2 9 2 2 2 2 10 11 
7 1 5 6 4 2 3 8 12 4 3 2 2 3 4 2 4 3 3 2 4 3 4 2 4 2 3 3 2 4 9 3 2 2 10 11 
1 5 6 2 3 4 7 8 9 3 10 11 
1 5 6 2 4 3 9 4 2 3 9 9 14 
1 5 6 2 4 3 8 
1 5 6 3 2 4 8 7 9 2 3 9 3 2 10 11 
1 5 6 2 4 3 7 8 9 2 3 3 10 
3 2 1 5 6 2 3 7 8 
1 5 6 7 2 3 4 8 9 2 3 3 10 
1 5 6 3 4 2 7 8 12 4 2 3 4 2 3 4 9 2 3 2 3 3 2 2 3 2 3 2 3 10 11 
1 5 6 2 4 3 8 7 9 3 2 10 11 
1 5 6 4 3 2 7 8 9 2 3 10 11 
1 5 6 2 4 3 8 7 9 9 2 3 3 2 10 
1 5 6 2 3 4 7 8 9 2 3 9 2 3 3 3 2 2 3 2 12 2 3 4 2 2 2 4 2 3 2 2 2 2 3 4 2 2 3 4 9 2 3 10 11 
1 5 6 8 7 2 3 4 9 3 2 9 3 2 10 11 
1 5 6 2 4 3 7 8 9 9 3 2 10 
1 2 3 4 7 5 6 8 
1 5 6 2 3 9 9 2 3 3 2 2 2 3 10 
1 3 2 4 5 6 7 8 9 3 2 3 10 
1 5 6 2 3 4 8 7 12 3 2 4 2 4 4 3 2 2 3 4 2 4 3 4 2 3 9 2 3 2 2 3 2 3 2 10 
1 5 6 3 2 4 8 7 9 4 3 2 12 2 3 4 9 3 2 2 3 2 3 2 3 2 3 2 3 2 3 2 3 2 3 3 2 2 3 3 2 2 3 3 2 3 2 9 2 3 10 11 
1 5 6 3 2 4 7 8 
1 5 6 2 3 4 8 9 7 2 3 3 2 9 9 10 11 
1 5 6 2 3 9 3 10 
1 5 6 3 2 4 9 10 11 
1 3 2 4 5 6 8 9 10 
1 5 6 2 3 4 7 8 9 2 3 3 2 2 3 10 
1 5 4 2 3 6 7 8 9 4 3 2 9 2 3 3 2 10 11 
1 5 6 3 4 2 7 8 9 9 3 2 10 
1 5 6 4 2 3 8 7 9 2 3 
1 5 6 2 3 4 9 3 10 
1 5 6 4 3 2 7 8 
1 5 6 2 3 8 2 3 
1 5 6 2 4 3 7 8 9 9 3 2 9 3 2 10 
1 5 6 7 8 4 3 2 
1 4 2 3 5 6 7 8 2 
1 5 6 2 4 3 7 8 
1 5 6 8 3 4 2 9 2 3 10 11 
1 5 6 7 2 3 4 8 9 3 2 2 3 3 2 2 2 2 2 3 2 3 2 3 2 2 10 
1 5 6 7 8 2 4 3 
7 1 5 6 3 4 2 8 9 3 3 2 3 2 3 2 3 14 
1 5 6 4 2 3 7 8 9 3 2 2 3 2 3 3 2 2 3 10 
1 4 2 3 7 5 6 8 9 3 2 10 
1 5 6 2 3 4 7 8 9 2 2 3 3 2 3 2 2 3 2 3 2 3 10 
1 5 6 2 3 4 4 7 8 9 2 3 9 3 2 3 2 10 11 
1 5 6 7 4 2 3 8 9 3 4 2 2 2 3 4 10 
1 5 2 4 3 6 7 8 9 9 2 3 10 11 
1 5 6 7 3 2 4 8 9 3 2 3 2 10 
1 5 6 2 3 4 9 2 3 9 10 
1 5 6 3 4 2 7 8 9 2 9 3 3 2 2 2 2 3 15 
1 5 7 2 3 4 6 8 
1 5 6 7 4 3 2 8 9 2 3 3 13 
1 5 6 4 3 2 7 8 12 2 4 3 9 10 
1 5 6 2 3 4 7 8 9 2 3 2 3 3 2 2 3 2 3 2 3 10 2 11 
1 5 6 3 2 7 8 9 2 3 12 3 4 2 3 4 2 2 3 4 2 4 3 4 3 2 3 2 4 4 2 3 4 3 2 2 3 4 2 3 4 3 2 4 4 2 3 2 4 3 9 10 
1 5 7 3 2 4 6 8 9 10 
1 5 6 2 3 4 7 8 9 2 3 10 
1 5 2 4 3 6 8 9 9 2 3 3 2 10 11 
1 5 6 2 3 4 7 8 2 9 3 2 10 11 
1 5 6 4 2 3 9 3 2 10 
1 5 6 4 3 2 8 9 4 7 2 3 10 
1 5 6 3 4 2 7 8 9 9 3 3 2 2 3 9 10 
1 5 6 2 3 4 7 8 9 2 9 3 2 15 
1 5 6 7 2 3 4 8 9 12 4 2 3 4 3 2 9 13 
1 5 6 7 3 2 4 8 9 2 3 10 11 
1 5 6 4 2 3 7 8 12 2 4 3 9 2 3 2 3 2 3 2 3 2 2 2 2 2 2 2 2 2 3 2 2 2 2 2 2 2 3 2 2 3 10 
1 7 5 6 8 2 4 3 9 2 4 3 2 3 10 11 
1 5 6 7 8 3 4 2 9 2 10 
1 5 6 4 2 3 7 8 9 2 2 3 2 3 2 3 2 3 10 11 
1 5 2 3 4 6 7 8 
1 5 4 2 3 6 7 8 
1 5 4 2 3 6 7 8 9 9 2 3 9 2 2 3 2 2 3 10 
1 5 6 8 3 2 4 9 9 3 2 3 2 10 
1 5 6 4 2 3 7 8 12 2 4 3 9 2 3 10 
1 5 6 2 4 3 7 8 9 9 10 11 
1 5 2 3 4 6 7 8 9 2 2 3 2 3 2 3 3 2 3 3 2 2 2 3 10 
1 5 6 4 2 3 7 8 9 2 2 2 3 10 
1 5 6 2 3 4 7 8 9 3 10 11 
1 5 6 4 2 3 7 8 9 9 3 2 2 3 2 3 2 3 3 2 3 3 2 10 11 
5 1 2 3 4 6 8 
1 5 6 3 2 4 8 9 2 3 2 3 3 2 2 3 2 3 3 3 14 11 
1 5 6 7 4 2 3 8 9 2 3 2 3 3 2 3 2 2 3 2 3 3 2 10 
1 5 6 2 3 4 7 8 
1 7 5 2 3 4 6 8 9 3 2 2 3 9 10 
1 5 6 7 8 2 3 4 
1 5 6 3 2 9 3 2 9 2 3 3 10 11 
1 5 6 2 4 3 7 8 
1 5 6 4 3 2 7 8 9 10 11 
1 5 6 2 3 9 2 3 10 
1 5 6 2 4 3 7 8 9 3 10 11 
1 5 6 3 2 4 8 9 
1 5 6 4 3 2 8 7 9 3 2 2 3 2 3 10 11 
1 3 4 2 5 6 7 8 9 9 9 10 11 
1 5 6 2 3 9 9 3 2 3 2 3 10 
6 1 5 7 8 3 2 4 9 3 2 9 2 3 2 3 10 
1 5 6 7 3 2 4 8 9 2 3 3 2 2 3 3 2 2 3 15 
1 5 3 2 4 6 7 8 
1 5 6 7 8 2 4 3 9 2 3 2 3 9 2 3 2 3 9 9 10 
6 1 5 7 8 3 4 2 12 4 2 3 4 2 3 4 2 3 4 9 3 2 3 2 10 11 
1 5 6 2 3 4 7 8 9 3 2 2 3 10 
1 2 3 4 5 6 7 8 9 3 2 3 9 2 3 3 2 10 
1 5 6 3 2 7 8 12 9 2 3 2 3 2 3 10 
1 5 6 7 3 2 4 8 9 10 
3 2 1 5 6 4 2 3 7 8 9 3 2 10 
1 5 6 2 3 9 2 3 10 11 
1 5 6 3 2 9 2 3 10 
1 5 6 3 2 9 10 
1 5 6 2 3 9 2 2 3 3 2 2 3 2 3 10 11 
1 5 6 2 3 4 7 8 
1 5 6 3 4 2 8 9 7 
1 5 6 7 3 4 2 8 12 3 2 4 3 4 2 12 2 3 4 2 2 3 4 9 10 
1 5 6 2 3 4 8 12 3 2 4 4 2 2 3 4 2 3 4 4 2 3 9 3 2 3 3 2 3 10 
1 5 6 2 4 3 7 8 9 3 2 4 2 3 10 
