0.02641100467069635 
0.01249335837957699 
0.013241418541318589 
0.04315971403738799 
4.905761822742109e-06 
0.003921896215621332 
0.016084074562427286 
0.01093836891422089 
0.016914052724661486 
0.008873481690696539 
0.2534105253585817 
0.026598273221170077 
0.012196436460093257 
0.01380240199802087 
0.5235407640167687 
0.005258264105223165 
0.00456085113816552 
0.1952426881744035 
0.008862217623047675 
0.5145173414158363 
5.91158002885739e-05 
0.009557328444892411 
0.0004986610970100149 
0.2027596856113759 
4.502886410483399e-05 
0.013376888824501908 
0.3905297748636274 
0.0005406204341643064 
0.009676683711585383 
0.014015597088630427 
1.967786027222812e-05 
0.16697418119477883 
0.012235216644334487 
0.007147859414679031 
0.029642832858748837 
0.0014795119901615083 
0.01558582456277672 
0.19919911656821843 
0.006838851232827538 
0.011876986405311794 
0.013338437518148236 
0.03071637250321046 
0.01618906882803022 
0.011766730093507932 
0.0003730297439628092 
2.2336289863323005e-05 
0.5814205315779366 
0.011532651257038432 
0.008135370085053576 
0.3420401835610004 
0.023244431336833526 
0.020761047001391454 
0.0190208718788495 
0.04391407769197445 
0.045251761093126515 
0.007482163787381871 
0.2529215387527641 
0.39337544559870535 
0.0002928109458892553 
0.1869453183232369 
0.0036132717246386576 
0.00940645571397512 
0.5958959547663546 
0.16366613555628473 
0.008403432969904081 
0.6226693006496681 
0.040375735312717785 
0.004350972232922173 
0.01454234983853603 
0.15057282169032984 
0.19219053693892027 
0.04047829040065466 
0.05702564428068884 
0.023255777623954282 
0.0004760233357497636 
0.5968493717623856 
0.02552848826592474 
0.02108389546101102 
0.0007565835803274785 
0.3825065521382311 
0.1393593738296572 
0.009784281593798152 
0.024438751385500876 
4.1109735944766236e-06 
0.001053752158226879 
0.0005991606981496535 
0.3229438342069563 
0.007857660115501364 
0.0005242039462770297 
0.012427610208555992 
0.396657016567251 
0.0008152882832566046 
0.013702286087750046 
0.014848261086946353 
0.5186840049992728 
0.28766392472949864 
0.01702469272733417 
0.032364790695123706 
0.013333120658966047 
0.00019560012362519793 
0.011711643047341944 
0.0003863218919182836 
0.012188543390791862 
0.023497475464818878 
0.12776382467662328 
0.005873786478278836 
0.011911655615958546 
0.0001267824256536592 
0.011883043239740989 
0.3180554755057642 
0.5971756186268433 
0.022793265688085033 
0.012296634589835967 
0.06329285093195908 
0.016496460026934553 
0.01679113461418664 
0.006313085116584607 
0.039912181930204606 
0.7956309230393677 
0.007813672698040466 
0.27080019032163355 
0.00011091406757897939 
0.18502563068706948 
1.5320228262082893e-05 
0.010978163138615424 
0.015555348545196331 
0.008769967375587618 
0.3845011143067993 
4.193193066366158e-06 
0.00943090230361694 
0.024009949433106335 
0.031830144875916705 
0.009775319671362193 
0.0567774785080356 
0.009086430122890428 
0.0005437721805867385 
0.10608035742010316 
0.013239719338899536 
0.013814460853898 
0.0003107073842705435 
0.01085930118875379 
0.04384556146539984 
0.014798819777850114 
0.34513459560503484 
0.0003556266224128581 
0.11798817612737353 
0.022664263336690357 
0.023031647343583414 
0.008336150035407814 
0.11618348612588891 
0.008558498893887741 
0.02992270794106081 
0.008332724224079083 
0.007220678460282526 
0.01169278738178861 
0.007779085706865602 
0.011913601476793266 
0.08563497837778625 
1.0 
0.027385935761871802 
0.018624245146454395 
0.00967717702841672 
0.28956697662585373 
0.0075667950304468285 
0.06257800743686086 
0.031836886872611644 
0.21348825783982533 
0.006211872946688593 
0.00023240704054107867 
0.04028924042829 
0.012973684534355639 
0.00021585352020065277 
0.06499424587025981 
0.00408419745313127 
0.009582021692949902 
0.01079229231916382 
0.005502401123753817 
0.2597721747765624 
0.011566635305419438 
0.1120254007740196 
0.00015827248338735013 
0.009105285788443761 
0.04617993671128744 
0.02921537382439516 
0.007613440877498824 
0.026181283466236997 
0.4381143216261849 
0.1283763597422003 
5.5251485109765865e-05 
0.003763020789440126 
0.08735317349484306 
0.005752293505316736 
0.02568577411564942 
0.010485175185165787 
0.02094140911622646 
0.8625687824121148 
0.003436006543244825 
0.008998345662006111 
0.005751937220938548 
0.047028989791000016 
0.021811126689873936 
0.050076235264660506 
0.01168788161996587 
2.499471945441789e-05 
0.11261968311683714 
0.3732889545511862 
0.00011439469188896962 
0.08371594849739393 
0.006507232696206423 
0.008073349196758239 
0.02455194019180213 
0.018550192808772556 
0.06823722849999864 
0.008477457901095291 
0.10569705024215416 
0.28209076004693856 
0.05527867234847068 
0.016264929994093628 
0.015444215225692315 
0.03799268613947158 
0.014871446978019202 
0.025073595334450586 
0.30509801561386135 
0.004755519441109303 
0.2914544342290405 
0.20515501289242427 
0.011449171086579927 
0.015641130860867745 
0.009651223081790257 
0.009731058188994994 
0.11482930401737769 
0.01068187156841618 
0.22935672554046765 
0.017851930240505385 
0.013736544201037352 
0.013958947872498538 
0.000442888888578282 
0.1209729622088886 
0.041587431076444456 
0.14953438976036504 
0.013024139883605181 
0.08074908626075078 
0.01989330269506933 
0.020254273583155007 
0.0009872640119588769 
0.2913484807362655 
0.22823116837679058 
0.016712121701700795 
0.027366422340543352 
0.037460123213552445 
0.012035094449755365 
0.007924943049997633 
0.008652859441126296 
0.5533004307450726 
0.016006569006926086 
0.02919972471824552 
0.203801872230557 
0.021478960023440224 
0.016137434999683592 
0.07411372822084983 
0.29081920658922195 
0.035136929815841815 
0.012171715805545139 
0.026890700476190518 
0.004857636025196102 
0.7588941119265181 
0.003558979466700936 
0.008390579325798685 
0.01492941170570132 
0.0026375458452349444 
0.01766849859871984 
0.23548287098446608 
0.008973186503607913 
0.001952959115792067 
0.028111056690956215 
0.46961545158209034 
0.05288444132704749 
0.009415006539051632 
0.21983521737882844 
0.012215237312665331 
1.0962596251937673e-05 
0.00843911622070414 
0.016766139894732218 
0.16560180117648937 
0.030490570426911178 
0.0856801168678536 
0.00025482554987629123 
0.011612513770733798 
0.00014761135853234075 
0.21780595859312288 
0.0779487732676652 
0.016201703220210577 
0.028352507873405146 
0.07361460121349911 
0.0472037335752559 
0.05536853823124594 
0.026136994577379172 
0.24636779724195879 
0.16985150642653427 
6.336380633619975e-05 
0.009011336338564655 
0.002675476428266649 
0.08851282433286366 
0.002364111288220989 
8.613860004960027e-05 
0.009157358120640465 
0.03686285356325625 
0.05471253647152999 
0.6019052115278167 
0.03491312841335851 
0.0026512490905498663 
0.05439593669177403 
0.0015375315308248884 
0.011021931304151284 
0.08504475219558191 
0.030604526614950073 
0.0017384485136322763 
0.008674949072573948 
0.01718943314251016 
0.8112533078606446 
0.023269234210853536 
0.008202981897437402 
0.011450541411111417 
0.020456752735928296 
0.03696932777935319 
0.0004501516085951907 
0.04126948837864764 
0.6613683890851239 
0.4313034250137998 
0.010494164514092377 
0.0012407192373036758 
0.3089640574015791 
0.008875208299606219 
0.07334503097166396 
0.43621861466931866 
0.014958627024712734 
0.013894953716877852 
0.03810987629340479 
0.14197340490593174 
0.030844908944264435 
0.2567257240911302 
0.00024309557188671792 
0.013532201406901236 
0.006236785446671122 
0.010980848974697149 
0.008945040037731063 
0.28195389203273313 
0.0020313142725027914 
0.03903997036590981 
0.1143924719632286 
0.000167618096692127 
0.03777291349111086 
0.2298855611836611 
0.003665919593138588 
0.033622913053977334 
0.017826551830182148 
0.001193744512364123 
0.03318616321930013 
0.044752387427360124 
0.011716028085842718 
0.00031355765929604734 
0.009363126052289337 
0.007905073344290995 
0.029107803348673023 
0.006935650957732147 
0.029238093805127298 
0.022828894125903828 
0.2195263188229395 
0.03682009943787369 
0.008632715670513358 
0.011452240613530468 
0.0055918010961883684 
0.007011813595192484 
0.009495663840975261 
0.006425999857979564 
0.034620509312903655 
0.00694768240711865 
0.016013502849055436 
0.013669453111975493 
0.008333793077213648 
0.053737852038770205 
0.00029007029682627083 
0.009503611723257917 
0.0073294274151017485 
0.011532185346697723 
0.01026112712426681 
0.3810072526618348 
0.022475953339572693 
0.5236544461399013 
0.004901650849147632 
0.008737381058228733 
7.810849829505591e-06 
0.003620616664127455 
0.06104354543298652 
0.27888609169110024 
0.013896844764731311 
0.09349417325676289 
0.1800685639138683 
0.004073974832126338 
0.02240823190122635 
0.09972090052137286 
0.47845325002198685 
0.09185723838442356 
0.01177393800054358 
7.438121556939712e-05 
0.0003112007011018807 
0.003858587222266392 
4.9167244189940457e-05 
0.13062344531543185 
0.00036817879512132673 
0.014017186665086955 
0.008644116770615374 
0.015154994530075568 
0.5067586187315086 
0.06246988883132612 
0.02901697823872572 
0.012845833255567417 
0.0007785635858126135 
0.01823068794100983 
0.2606616250234634 
0.018278978177499617 
0.016708860329315844 
0.009817662699385301 
0.0024099897535353482 
0.03062557479975379 
0.00013779983488685653 
0.020158213833497404 
0.0731970359222628 
0.03275196218825151 
0.04285813301449718 
0.030756550418473815 
0.08457878704189331 
0.11987237235817531 
0.9399600802538783 
0.21998091028301667 
0.24392979805499973 
0.007096390025276182 
0.0024654056775888934 
0.0015493711347769812 
0.10864374130169374 
0.019950363008560665 
0.011349274428234144 
0.012278080395679564 
0.32683824171247594 
0.27363289778664357 
0.9445899409354498 
0.20142671612661217 
0.013410352149560947 
0.01456364468175542 
0.006866915479232499 
0.04262364308066824 
0.05464308842427397 
0.01729927835695458 
0.23954834980449716 
0.0281709124664918 
0.008513141151895349 
0.03509338090223099 
0.19670049422398617 
0.01720700070300389 
0.026177857654908265 
0.010162874855358819 
0.0011584997654141434 
0.23420898989350028 
0.27281237486367665 
0.007806601823457966 
0.037043297897563145 
0.03669208372014169 
0.023589122769485077 
0.04741583240624027 
0.0116329041997624 
0.00826124809651645 
0.009544310361843236 
0.020964540194318048 
0.00021492169951923808 
0.4234127400770895 
0.014459280765436974 
0.2370126190719521 
0.01563825317935161 
0.010562680740666986 
0.022953977349138437 
0.016770168648854805 
0.02695696937053348 
0.030146783408450416 
0.0850351873303521 
0.14801212364482097 
0.030306042525500437 
0.00039566750522306043 
0.04246824827879702 
0.010050124552907639 
0.025390249927187806 
0.00016224642452867754 
0.0069808990737620195 
0.01276079091514301 
0.011543750885743519 
0.008281611119054426 
0.0023673726606059406 
4.3576320101452215e-06 
0.024145364903308392 
0.014727371056778111 
0.0003194500547814638 
0.012952006000267434 
0.014539225498604228 
0.04947035997630654 
0.008998044190609181 
0.008056329766077105 
0.002562863158268619 
0.10984913357257554 
0.0004370513060741251 
0.0024447959966352505 
0.0616960939748831 
0.185166417829435 
0.008983957254425442 
0.0003016084293814352 
0.2037855653686322 
0.011732170508823697 
0.00013626507141158527 
0.04469831442134744 
0.009393081346547757 
0.007158383507080891 
0.034449437998392174 
0.21892998099332467 
0.0002433422303023865 
0.005169905579432547 
0.024300211575367013 
0.018932924450418328 
0.014284756233106127 
0.037722238889936276 
0.018167022663276702 
0.016138366820365006 
0.015999525538834217 
0.6390189441062986 
0.020806651401799516 
0.01459014675819448 
0.1933898723753729 
0.47130596614361103 
0.1386148765116975 
0.02316780278903248 
0.01588302054716675 
0.02353436460120665 
0.010316871926207912 
0.2380393758369086 
0.010678144285690519 
0.009078619273060922 
0.042185934018818996 
0.04765613251608274 
0.0077647521122661935 
0.007959393008719347 
0.00038306051953333216 
0.011633589362028149 
0.050206251656208484 
0.009713353596048115 
0.021108670928540397 
0.016173803412749394 
0.06688888397399156 
0.028123663676645948 
0.015929885646143782 
0.2975545709134312 
0.002410044566516608 
0.00046366300847570387 
0.010731861007325014 
0.019319246342336612 
0.06754990112149278 
0.01543623993691903 
0.012497387133699576 
0.03752589879106407 
0.0256678502707775 
0.13860309172072666 
0.1046873951273507 
0.07043479054466206 
0.00029171468626406147 
0.017322601280480576 
0.018426753974975736 
0.012247357719683508 
0.09302798885114923 
0.00048602670482965674 
0.020326818563852204 
0.4120843219882247 
0.023453762112264277 
0.0005842515672470183 
0.012613481028007597 
0.030167064211516496 
0.034226732855534056 
0.048927629242363734 
0.04034638296125322 
0.010818301078771544 
0.005890257779147372 
0.0011970606977303342 
0.006920029258073136 
0.14342312604077861 
0.05024774508302207 
0.0008206051424387945 
0.04963189383207885 
0.013734625746693263 
0.01433504714341189 
0.0024073587304348832 
0.0001909684267087543 
0.014544816422692718 
0.14893111808862092 
0.018469727352283333 
0.32208096825596627 
0.011950545426162295 
0.02256250303698174 
0.006250187220589115 
7.095540424066659e-05 
0.020171231916546576 
0.006054861161870216 
0.5720451000113546 
0.01219421653435224 
0.023370939697580886 
0.16153673345381775 
0.06892757059247379 
6.678961766493027e-05 
0.006882948276250957 
0.032357582788088056 
0.00018499381175144823 
0.01619767446608799 
0.02348327890267262 
0.052189851228524715 
0.02752359856430551 
0.9989151962878894 
0.009726864995928628 
0.009872804558532549 
0.004808605813459312 
0.014863965006077253 
0.014659019269147278 
0.012092209576227959 
0.0346665522171618 
0.009202852895086008 
0.006876288499027905 
0.6375042969951497 
0.3815990958269863 
0.30943758674668154 
0.01204644073687612 
0.00017016690032070254 
0.007055472134765825 
0.03435491301220984 
0.00949264912700598 
0.011316002948609512 
0.0007484438526104148 
0.02026449620415994 
0.007461581512918858 
0.012921995893027755 
0.007614811202030315 
0.9162844351934748 
0.011178586804591474 
0.13935331699522802 
0.015772956080797297 
0.006384835309053538 
0.0047429398619102045 
0.00029919665820600896 
0.0993392925458429 
0.011056710140760557 
0.09427819073421084 
0.3906831963981732 
0.0 
0.18725978039672375 
0.009055323756025555 
0.0002947019937427145 
0.7500378963249185 
0.001286076979296068 
0.008967157075669347 
0.6052060492592751 
0.0629016506847087 
0.07796965701352512 
0.4442955267098587 
0.009931673700405453 
0.05063935642763192 
0.0011944844876111288 
0.0005639159511996739 
0.036843696426305986 
0.012007359081237963 
0.025199994069235426 
0.01552421477184083 
0.036915062927906105 
0.49126002902840676 
0.8641275813796685 
0.09294870187375709 
0.0006599208878760181 
0.011177298699531872 
0.001054793604870813 
0.007754666523714411 
0.02365180141355553 
0.014385584712133323 
0.2766401297839845 
0.00013067414732309708 
0.018937473927862884 
0.006505533493787372 
0.02874222817016153 
0.07978785841489025 
0.028933388442304694 
0.18174274420697362 
0.1766914265124964 
0.0003875003710153669 
5.6128492809920884e-05 
0.018869862115479058 
0.005435584099598257 
0.33649667270130185 
0.003808131873016849 
0.008935968489332586 
0.013541875898093568 
0.1261301511766689 
0.00017449712584021793 
0.00010123957638664442 
0.015341468292321029 
0.018906833471338716 
0.09254760788338932 
0.4403648604172358 
0.007096198179841775 
9.666269245146043e-05 
0.11660357281426317 
0.009541487493308362 
0.00025792248331746363 
0.0002659799915626378 
0.006309686711746507 
0.011737871058874704 
0.0654351340850221 
0.208441023712452 
0.010096496335053337 
0.034443655228869274 
0.016499008830563128 
0.003753291485266531 
0.0004556329067211595 
0.0002510982671506324 
0.4831093661215817 
0.06394775643204985 
0.009083415408921146 
0.09866986160571833 
9.189396308186755e-05 
0.00047451597876512223 
0.013891856783436681 
0.0012834733626862329 
0.0026748186724915328 
0.16027735039639512 
0.0003188197054969774 
0.02580411534218908 
0.09351111046797213 
0.49389667045945085 
0.006553193380992672 
0.48958647908458597 
0.006718399706509372 
0.00835667749688957 
0.005948907669095238 
0.029796336612766594 
0.016259832386836474 
0.0023533679438940904 
0.0001615886687535613 
0.02629090942875638 
0.048318437768643564 
0.002693619525063606 
0.00048251867402903666 
0.010421537313923288 
0.0138034434446648 
0.0566931761428582 
0.0005526244770601781 
0.010863412162348266 
0.0021279769649542517 
0.02687368104550938 
0.014838476969791499 
0.00016575445532929762 
0.25629985463323307 
0.1073865233570309 
0.050791352824665036 
0.12473176239877172 
0.0061658848554117145 
0.01263263816495786 
0.020330710285521643 
0.011296571746752953 
0.025576833315395786 
0.5522727969724159 
0.011279826380978119 
0.011273440668661365 
0.009178214460009777 
0.007205741922889261 
0.021105491775627337 
0.009477520744178305 
0.49359328060817853 
0.009274000144761083 
0.014018885867506008 
0.0002916050603015421 
0.009643932955282718 
0.004188725808393495 
0.011166610168186233 
0.011325458187876808 
0.008895955013013011 
0.0008171793311100639 
0.014242796895951836 
0.12051149171966327 
0.03533828530249928 
0.2371658761675542 
0.4569261642010006 
0.04932732550170938 
2.8859034633225923e-05 
0.12315860243012804 
0.009111726313741774 
0.000663456325167268 
0.010146047270112094 
0.11394155297289578 
0.12245291270290018 
0.03519993733779982 
0.009019996789603687 
0.34246695743308836 
0.04026632860212345 
0.004218681102651915 
3.362776400281881e-05 
0.021056434157399915 
0.008558718145812778 
0.06275938359184917 
0.07363515608147149 
0.00025504480180133 
0.5506766155516432 
0.008216876988186732 
0.12922089075095894 
0.01153821477463629 
0.02500231105232236 
0.05855059623231463 
0.016357344680497463 
0.0011070577825019257 
0.010040587094168454 
0.0001955179041533084 
0.0009639959014141392 
0.00945551333220254 
4.23704345137391e-05 
0.0008978914460149551 
0.0003286312291424616 
0.025238993505401697 
0.040266630073520375 
1.107222221445705e-05 
0.03254046630006101 
0.029889737932833102 
0.025019385295984756 
0.04215967860079561 
0.05674434406086412 
0.02139221848059677 
0.07117451913325219 
0.009786912616898617 
0.010671265256542429 
0.023239772233426454 
7.764258795434856e-05 
0.013668082787444 
0.029740262932937935 
0.0895075703167645 
0.037868397704465234 
0.010406929654417581 
0.008360021088746408 
0.42663278347417116 
0.1744465334585152 
0.0021943006722784744 
0.009342872655713881 
0.020978818975936196 
0.018232716021316438 
0.005521695293157227 
0.4009262900516056 
0.04494595947067872 
0.2129445952852011 
0.007021899183744267 
0.13051140758173704 
0.0002651852033343723 
0.0003221084843725587 
0.027469854436180385 
0.013100741024915598 
0.014711639731156578 
0.04960953013572489 
0.03625341543112041 
0.012306473519972081 
0.04027997703445711 
0.03704231126390047 
0.00012157519243398877 
0.06646589219761055 
0.03256162411082725 
0.00035768210921009643 
0.0181374510598871 
6.259642459856412e-05 
0.11834298055506748 
0.0002562506873890431 
0.6104565025146689 
0.021941334926856328 
0.3000446150260963 
0.0008633044548400918 
0.07806999217572098 
0.01168574391369674 
0.02137267765277769 
0.02039207341804186 
0.01983706457629689 
7.997213965788533e-05 
0.02626492807563928 
0.22933671880230785 
0.008870494383217886 
0.022726941980760806 
0.014620513149812346 
0.0054587973971617345 
0.009629489734720793 
0.05914167201572847 
0.002220282025395567 
0.006798070374770329 
0.04045929770264818 
0.00023251666650359808 
0.002462966499922837 
0.015714580255755728 
0.02839057548889 
0.011170885580724488 
