1 5 6 7 7 2 15 10 13

1 5 6 7 3 10 13 5
5 5 6 3 3 2 10 10 14
1 5 5 3 4 10 5 10 3 3 5
1 5 6 3 2 13 1
5 5 5 2 3 3 13 15
1 5 5 2 9 13
1 5 2 7 2 10 11
2 5 6 7 4 10
1 6 6 4 2 3 2 2 12 9 4 4 4 8 9 7 9 3 3 9 3 9 4 2 3 2 2 3 3 3 2 3 2 2 2 2 3 3 3 2 3 2 3 2 2 6 2 3 2 2 2 2 2 2 2 3 3 3 3
1 5 6 4 3 10 13 11 10
5 5 6 4 3 13
5 5 6 3 3 10 2
6 3 7 2 4 4 8 7 2 9 2 4 4 4 4 7 7 7 4 4 2 3 3 3 3 3 3 3 4 2 2 3 2 3 3 2 3 2 2 2 3 2 3 4 2 2 2 3 2 3 2 2 2 2 3 3 2 6 3
1 5 6 7 2 10
5 5 6 6 2
1 5 6 4 7 2 3 2 4 4 4 9 9 7 9 8 9 7 2 9 3 2 2 4 3 2 3 2 3 2 2 3 3 3 2 2 3 2 3 2 3 2 5 2 5 5 2 2 3 3 2 2
1 5 6 3 7 13 1
6 6 7 7 4 4 7 7 4 3 9 2 7 2 7 4 2 7 2 4 8 4 2 9 4 2 7 2 4 7 2 3 3 2 3 3 3 2 7 2 3 2 2 2 2 7 3 2 2 2 2 3 2 3 2 2 2 2 4
1 5 6 7 3 11
1 5 6 6 3 13 1
5 5 6 6 3 10 13
1 6 7 2 2 4 4 8 4 9 7 4 3 9 7 2 2 4 7 8 2 3 2 3 2 2 2 3 2 2 2 2 3 2 2 3 1 2
1 5 5 6 2
1 5 6 4 2 10
1 6 6 4 7 4 2 7 4 12 4 8 7 4 4 9 8 7 4 3 4 4 4 2 9 3 4 2 2 2 2 2 2 2 3 2 2 2 2 2 2 4 2 3 3 2 2 2 2 2 3 2 2 2 2 4 2 2 3
5 5 5 7 2 10 10
5 1 5 2 3 10
1 5 6 4 2 13 10
1 5 6 6 7 10 5 2 11
1 6 7 2 2 7 4 7 4 9 3 3 4 7 2 9 12 2 2 3 2 2 2 3 2 3 2 3 3 3 3 3 2 3 2 3 3 2 5 3 2 3 2 2
1 5 6 2 4 3 11 11
5 5 6 3 2
1 6 6 3 4 13 11 10
5 5 6 2 3 10 11
1 5 6 6 7 13 15
1 6 6 7 2 3 2 7 9 4 4 2 9 9 7 9 7 3 3 2 3 2 2 2 2 2 2 2 2 2 2 3 2 2 2 2 3
1 5 6 4 4 11 10
2 5 6 3 4 13 10
5 5 5 2 4 2 13 11 2 3
5 5 6 4 2 13 11 5
1 5 6 4 2 11 13 11 10
1 5 6 2 3 2 11 10 11
1 5 6 4 4 10 11 1
1 5 6 6 4 13 1
6 4 7 4 7 4 4 4 3 3 3 7 2 4 4 2 9 3 2 2 3 2 3 3 3 2 7 3 3 4 2 2 2 3 3 3 3 2 3 2 3 2 2 3 4 3 2 2 2 2 2 2 3 7 3 2 2 2 3
5 5 6 2 3 10 13 13
3 5 6 2 3 8 10 10 1
5 6 2 2 4 7 2 4 7 9 9 3 3 9 4 4 4 3 4 4 3 3 12 2 2 3 2 2 2 2 2 3 3 2 2 3 3 2 2 3 2 2 2 2 2 3 2 3 2 3 3 3 3 2 2 2 2 2 3
5 5 5 6 4 2 13 13
1 5 6 2 3 4 5 13 5 3 3 5 5 2 2 1 3 2 3 3
1 5 6 2 4 13 11
1 6 2 7 2 3 10 10
1 5 6 7 2 7 8 10 10 2 2 5
5 5 6 7 4 6
1 6 7 4 7 7 7 7 4 2 7 8 3 7 7 4 2 3 4 4 2 2 2 3 3 2 3 3 3 2 3 2 2 2 3 2 3 2 2 3 3 2 2 3 3 6 2 2 2 3 2 2 3 3 3 5 2 2 3
5 7 4 7 4 3 7 3 2 4 4 7 9 8 7 4 4 2 7 7 9 4 8 2 3 4 2 2 2 3 2 4 2 2 2 3 2 2 2 2 3 2 2 2 3 2 2 2 2 4 2 6 3 3 3 2 3 2 2
1 5 5 2 2 10
1 6 7 2 4 7 4 6 7 9 7 9 4 2 3 3 2 9 3 3 10 2 3 2 3 2 10 2 3 3 2
5 5 6 4 7 15 1 10 1
5 5 6 2 4 11 11 14 5 2
4 6 7 3 7 4 4 2 7 4 2 3 4 4 4 8 3 3 7 2 2 4 4 3 12 7 3 4 2 4 3 2 2 4 2 4 4 3 4 2 3 2 2 3 2 2 2 2 2 7 3 3 2 2 3 2 4 2 3
1 6 6 3 4 7 4 12 7 4 9 4 7 4 9 2 3 4 9 3 3 2 3 3 2 3 3 2 3 3 2 3 2 2 3 1 3 2 3
5 5 6 4 2 15
3 3 2 7 3 7 4 4 9 2 7 8 2 4 3 4 4 2 4 2 4 2 3 3 4 3 7 3 3 4 3 2 4 7 4 3 2 3 2 2 2 2 2 2 2 2 6 7 2 4 2 6 2 2 4 2 4 6 2
1 5 6 3 8 2 10 10 10 10 3 15 3
1 5 6 3 3 10
1 5 6 4 6 10 11 5 5
1 6 7 4 4 4 8 9 2 9 4 3 4 9 4 12 2 3 2 3 3 2 2 3 2 2 3 2 3 2 2 2 1 2 2 2 3
1 6 7 4 2 4 4 9 8 9 7 4 8 7 2 12 9 2 9 9 3 9 3 2 2 3 2 3 3 3 3 3 2 2 2 3 3 2 5 3 3 3 2 3 2 2 5 6 4 5 2 4 2 2 3 3
2 5 6 2 4 10 11 11 10
1 5 6 2 4 9 2 8 9 2 3 3 10 10 3 1 1 3
5 5 6 2 2
1 5 6 2 3 10 11
2 4 7 2 3 3 7 4 3 4 2 7 4 2 4 7 7 7 2 12 7 9 3 9 4 4 7 7 4 2 2 2 7 2 2 2 7 3 2 2 2 2 2 3 2 2 7 2 2 2 2 2 2 7 4 2 2 3 7
1 5 6 3 2 7 10 13
1 5 5 6 2 7 13 11
5 5 6 3 3 10 10 5 3 2 10
5 6 7 4 4 7 7 7 3 7 4 2 3 4 2 2 3 7 3 9 4 3 3 7 9 2 2 2 3 3 7 2 3 2 2 2 3 2 2 3 3 2 2 2 2 3 2 2 2 3 2 3 7 2 3 2 2 3 3
1 5 6 2 3 2 7 9 8 9 9 9 9 12 9 2 3 3 3 3 3 3 3 2 3
1 5 6 7 2 13 10 5 5 13 3 5 3 5
1 5 6 7 7 13 5 13
5 5 6 4 3
3 5 6 2 7 11
5 5 6 4 4 10 11
1 6 7 7 3 7 2 2 4 4 7 4 4 7 7 3 7 4 9 7 2 9 2 7 3 2 3 3 2 3 3 3 2 2 2 2 2 3 2 2 2 2 2 3 2 3 2 3 3 2 2 2 2 3 3 3 2 3 3
5 5 6 6 3 10 5 5

1 5 6 4 4 10 10
5 6 2 3 2 7 2 7 7 4 2 4 2 9 9 2 4 7 4 4 9 9 2 2 2 3 2 3 2 3 3 4 2 3 2 2 3 2 2 2 2 3 3 3 2 2 2 2 2 2 10 3 2 3 2 2 2 2 3
1 5 6 7 4 13
3 5 5 4 2 13 5
1 5 5 4 4 10 1 13 2
5 6 7 2 2 4 4 8 4 9 7 2 7 4 8 3 7 7 4 7 2 3 2 3 4 2 3 3 2 2 2 3 7 2 2 3 2 3 2 2 2 2 2 2 3 2 2 3 2 3 2 2 3 3 4 4 3 4 2
5 6 6 4 7 4 3 7 2 6 4 7 2 4 8 4 7 2 4 3 2 3 3 9 2 2 2 3 3 2 3 3 3 2 2 3 2 3 3 3 2 3 3 2 2 3 7 7 2 2 5 2 6 2 3 2 2 2 2
1 5 6 2 7 10 5
1 5 6 4 4 4 10 10 10
1 5 6 6 3 10 15
5 5 5 3 3 11 10
3 5 6 6 2 11 13
5 5 6 3 2 5
5 5 6 3 9 10
2 5 5 2 4 11
1 5 4 4 3 2 7 3 9 7 4 9 9 9 9 3 2 3 2 3 2 2
5 5 6 4 4 10


5 5 6 7 4 11 13 3 3
5 6 7 4 2 4 6 7 9 4 2 4 4 7 7 12 7 9 3 2 9 4 2 4 2 2 3 2 2 3 3 2 2 2 3 3 2 2 2 3 2 2 3 3 2 3 3 2 2 2 2 7 2 2 3 2 5 2 2
5 6 7 4 7 3 2 7 8 7 4 4 4 4 4 9 4 9 8 2 2 2 9 2 3 3 4 2 2 2 2 2 3 2 3 2 3 3 2 2 2 3 3 2 2 2 3 3 4 2 2 2 2 2 2 2 2 7 6
5 5 6 2 4 10 11
5 5 6 2 4 13 15 1 2 2 3 5 2 3 1 3 5 3 3 10 1
1 5 7 2 2 4 8 8 3 3 3 2 10
1 5 6 3 4 7 13 10 10
5 5 6 2 7 11 10 13
1 5 6 3 2 14
1 5 6 2 2 4 13 10
2 2 4 7 7 2 2 4 4 7 4 7 3 4 7 2 9 3 3 4 4 2 4 2 4 4 3 4 2 3 2 2 4 2 4 7 4 2 4 2 12 3 4 2 3 6 2 3 2 3 2 2 2 7 3 7 2 2 4
5 5 6 4 3 13
1 6 6 2 7 4 7 6 4 2 4 4 9 3 9 4 4 9 4 3 3 3 3 3 2 4 2 3 2 2 2 3 2
1 5 6 2 4 10 5
1 6 6 2 7 7 4 4 2 9 2 4 7 9 7 2 9 3 2 9 2 2 3 3 4 2 3 2 2 3 3 2 2 2 10 3 2 3 3 3 3 3 3 2 1 3 2 2 3 2 2 6 3 2 2 2 3 3 3
1 5 6 4 4 14 14
5 5 6 6 2 2 11
1 5 5 3 4 13 5
5 5 6 4 4 13 5 5 5
5 6 3 2 4 7 4 7 7 4 2 2 2 6 9 4 2 7 7 4 9 9 4 7 2 4 3 4 4 2 3 3 3 2 2 3 3 2 2 2 3 2 2 2 3 2 2 2 3 3 3 2 3 3 2 3 2 2 3
1 5 6 4 2 5 1 15 10 2 2
1 5 6 6 4 13 5
2 5 6 6 4 3 10 13
5 5 6 2 4 7 10 13 3
1 5 6 6 2 13
1 5 6 2 2 12 8 8 9 2 3 3 11
1 5 6 2 12 13 10 3
1 5 6 3 7 10 11 3 1
1 5 6 2 4 7 9 4 7 2 9 7 4 9 2 3 3 3 2 2
1 5 6 3 4 10 11 13
2 5 6 6 2 4 10 13
1 5 6 2 6 11 5 11 5
2 5 6 6 4 6 15 15 11 2
1 5 6 7 7 7 8 8 9 3 3 3
5 5 6 3 3 11 11 13
1 6 7 7 4 2 7 7 2 12 3 4 4 2 2 7 4 4 3 4 9 2 3 4 2 3 3 2 3 3 3 2 2 2 2 3 2 3 3 2 2 3 2 3 3 3 3 2 2 2 2 3 2 3 2 6 3 2 3

1 6 6 6 9 4 12 9 9 9 9 2 3 2 3 10 2 3 10 2 3 3 2
5 5 6 4 7 12 8 10 10 2 10
1 5 6 3 7 10
5 5 6 2 7 13 1 5 1 11
1 5 6 7 3 2 4 12 9 8 9 4 9 2 3 3 3 2 3
1 5 6 4 4 3 10 5
5 5 6 2 3 11 13

1 5 6 4 3 10 5 11
5 5 5 3 2 5 13
5 5 6 3 7 15
1 5 6 4 3 5 10 2
1 6 6 2 7 3 9 4 8 9 9 4 3 2 3 3 2 3 3 2 3 3
3 3 4 3 7 2 4 4 7 4 7 3 2 7 8 4 4 4 3 2 3 7 4 3 2 2 4 7 4 3 2 2 4 2 4 3 3 3 3 2 4 3 2 2 7 3 4 2 2 2 3 6 2 2 7 2 7 2 4
1 5 2 3 2 2 10
5 5 6 7 3 6 10 10
1 5 6 4 4 10 1 3 5 5
1 6 2 2 7 2 7 7 2 2 7 3 4 9 2 9 2 2 4 9 9 2 2 2 4 2 2 3 3 2 2 3 3 3 2 2 3 2 3 2 3 2 2 3 2 3 2 3 3 2 2 2 2 2 3 3 2 6 2
1 5 5 4 4 10
5 5 6 4 2 4 8 8 9 3 3 3 10 2 3 3 2 3 3 2 2 1
5 5 5 7 3
1 2 4 4 3 7 7 7 4 4 4 12 2 4 9 9 9 4 7 9 9 3 2 3 2 2 2 3 2 3 2 2 2 2 2 3 3 2 3
5 5 5 2 2 10 14 10 3 3 5 2 5
5 5 6 3 2 10 10 11 5
1 5 6 6 3 2 10
5 5 6 2 4 2 10 10
1 5 6 6 2 13 13 1 5 10
5 5 6 4 7 3 2 9 9 3 3 3 13 1 1 1 2 10 2 2 3 3 3 3 2 2
1 5 2 2 4 13
5 5 6 4 2 2 13
1 5 5 3 4 10 13
5 5 6 2 3 10
1 6 4 4 4 3 3 7 7 12 4 7 8 2 7 4 4 3 4 9 3 2 3 2 3 2 2 3 3 2 3 3 2 2 3 3 3 2 2 3 2 2 3 3 3 2 2 2 2 3 2 2
1 5 6 2 3 10
1 5 6 2 2 2 12 8 9 7 9 2 9 9 3 2 2 3 2 3
1 1 6 2 4 15 5 10
1 5 6 3 4 10
1 5 6 7 3 3 10 10 10 3
1 5 6 2 2 3 5 5
5 5 6 4 2 10 15
3 5 3 2 3 3 13 13 10 2 2 5 10
5 6 2 6 7 12 4 2 4 4 4 2 7 4 7 9 2 3 3 2 3 3 7 3 2 4 2 7 3 2 3 2 3 2 4 4 2 3 2 3 3 3 3 2 2 2 3 3 4 6 3 3 4 3 2 2 6 2 3
1 5 6 4 7 2 9 8 7 4 7 4 9 9 4 9 2 3 3 3 2 2 2 3 2
1 5 6 3 2 10 5 13 5
1 5 6 2 9 11 11
1 5 6 2 4 4 9 7 9 3 7 7 3 4 3 3 3 2 2
5 5 6 3 4 11 1 5
1 5 6 6 2 15 3 5 1 10
1 5 5 2 2 2 10
2 5 6 2 2 10
4 3 4 4 2 2 4 4 7 2 4 4 4 4 7 9 3 7 7 4 8 12 9 4 4 4 2 3 4 2 2 3 4 9 3 3 2 3 2 2 2 4 3 2 4 4 3 2 3 4 3 2 2 2 7 4 2 3 2
1 5 6 4 7 14 10 1 10
1 5 6 4 4 13 13
1 5 6 3 3 13 10
5 5 6 6 6 4 8 8 10 2 3
1 5 6 6 2 2 11 10 10
1 5 6 2 2 9 13 13 13 3 3 10
1 5 5 2 4 10 11 15 13 3
5 5 5 2 6 11
5 5 6 4 4 7 9 8 12 9 9 4 2 3 2 3 3 3
1 6 3 2 4 2 7 2 7 4 9 4 12 2 3 4 2 2 4 2 7 12 4 2 3 3 7 3 2 2 2 2 3 3 2 2 2 2 2 2 2 3 2 2 5 4 2 6 2 2 3 2 2 2 2 4 2 2 6
1 5 6 3 7 10 11
5 5 6 2 2 4 9 8 9 3 12 3 2
5 5 6 3 7
1 5 2 3 3
5 5 7 4 2 10 11 13
1 5 6 3 4 1 5 5 10 2 13 1
1 5 7 4 7 9 8 12 9 3 3 3 10
5 5 1 2 8 10 11 1 5
1 5 2 4 4 4 9 9 9 9 9 4 9 3 3 3 3 2 3 2 2 3 2 5 2 10 2 2 3 10
5 6 4 2 7 7 4 12 7 2 9 4 4 4 7 7 4 4 4 3 2 8 9 2 2 2 2 3 2 2 2 2 3 2 2 3 3 3 3 2 3 3 2 3 3 5 2 2 3 3 3
1 5 6 2 7 4 8 8 3 3 3 10
5 5 6 2 4 10 14 10
1 5 6 2 7 13 13 10
1 5 6 4 2 12 13 8 10 3 3 2
1 5 6 4 3 13 5 10
5 5 5 4 2 3 10 5
1 6 6 4 7 7 4 4 7 7 4 2 4 7 8 12 7 3 9 2 3 3 3 9 2 3 3 2 3 3 3 3 3 3 3 3 2 2 2 2 3 3 3 2 2 3 2 3 3 3 2 2 2 2 2 3 3 6 3
1 5 6 3 7 3
1 6 6 2 7 4 2 12 7 8 4 4 4 2 3 7 8 3 4 4 4 2 3 2 2 3 3 2 3 2 3 3 2 2 2 2 3 2 2 2 2 3 3 3 3 2 2 2 3 3 2 3 2 2 2 2 2 2 2
1 2 7 7 4 6 4 7 7 7 4 7 8 8 9 9 2 3 4 2 2 3 2 2 2 2 2 2 2 2 2 3 3 1 2 2 3 3 2 1 3 7 3 3 3 5 2 2 5 2 3 2 3 2 5 5 2 2 2
1 5 6 3 4 13
5 5 6 3 7 3 13 11 5 10 3
1 5 6 3 3 10
1 5 7 3 4 10 13
1 6 7 2 4 2 4 9 12 9 2 4 12 7 9 3 2 3 3 2 2 1 3 3 2 3
1 5 6 7 4 3 11
1 6 7 7 4 3 3 8 4 4 3 2 7 9 9 8 9 7 2 3 3 2 4 3 2 2 2 2 3 3 2 2 3 2 2 2 2 3 3 2 2 2 3 3 2 2 3 3
1 5 6 3 4 10 13 10 5 3 1 3 5
1 5 5 2 2 3 15 11
1 5 6 3 2 13 5 10 5 2
1 5 6 7 3 13 5 11 10 10 1 5 5 10 5 3 5 2
1 5 6 6 4 7 7 7 7 7 7 2 9 9 9 12 3 4 2 2 3 3 3 2 3 2 2 10 2 3 2 2 3 5 2 3 5 10 5 5 3 3 2 1 3 5 2
5 5 6 3 2 2
1 5 6 3 4 4 3 4 8 4 4 7 3 4 9 7 7 2 4 3 2 9 3 2 2 3 3 3 2 2
5 5 5 4 4 11
1 5 2 2 4 7 9 12 9 9 3 2 2 10
5 5 6 2 2 11 13
1 5 6 2 3 10 10 13
5 5 6 3 2 11 5 14 10 3 5
5 6 6 7 2 4 7 7 7 8 4 4 3 8 3 7 7 4 2 2 2 2 3 3 2 7 2 3 3 2 2 2 2 2 2 2 2 2 3 2 2 2 3 2 3 2 2 2 3 2 3 2 2 3 3 3 3 3 3
5 4 2 2 4 4 3 7 9 12 4 4 9 9 9 4 2 2 9 8 3 3 9 3 3 2 2 2 3 2 3 3 3 2 2 3 3 3 2 3 3 2
5 5 6 3 4 13
5 5 6 4 7 11
1 5 6 7 2 10 11 5
3 5 2 3 7 11 5 1
1 5 5 2 3
1 5 6 4 3 3 11 10 10 3 1 5 6
4 7 7 4 9 2 9 4 4 7 4 7 7 4 4 4 4 9 2 7 4 4 2 2 2 7 3 2 3 3 3 2 3 2 2 2 2 3 2 2 2 3 2 2 2 3 2 3 3 2 2 3 4 3 2 3 2 2 2
5 5 6 7 7 10 10
5 5 5 2 3 3 10 10 10 1
1 6 4 4 2 8 7 9 7 4 9 4 4 7 3 7 9 4 2 3 3 7 3 2 3 3 2 3 2 2 2 3 3 3 3 3 3 2 3 2 2 3 2 2 5 2 3 3 3 2
1 5 6 4 2 11 10
1 5 6 4 4 2 11 13
5 5 6 7 4 2 7 12 9 3 3 2 10 10
5 6 6 7 3 2 7 4 2 9 4 4 3 12 8 2 4 4 4 2 2 4 2 2 2 2 3 2 3 2 2 3 7 2 2 2 2 3 3 2 2 3 3 2 3 2 2 3 3 2 2 2 2 6 2 2 3 2 4
1 5 5 2 7 13 13 10 3 3 3 5
1 5 6 7 2 3 13 13 5
5 5 6 4 2 2
1 5 6 2 2 2 15 13 5 10
2 2 2 4 7 7 7 7 4 7 4 2 4 3 7 7 7 7 7 4 4 7 4 4 2 3 2 4 4 2 7 2 2 4 3 2 7 2 3 3 2 2 4 4 7 2 3 2 2 4 3 2 3 7 7 7 3 3 6
5 5 6 2 4 10 5
1 5 6 6 4 13 11 11 1 3
10 5 6 3 4 10 15 11
13 5 5 3 7 10
1 5 6 3 4 10
1 6 6 2 4 3 4 7 4 4 7 7 4 4 9 9 2 3 3 3 9 3 2 2 3 2 3 3 2 2 2 2 2 3 2 3 2 2 3 2 2 3 2 2 2 5 3 3 2 2
1 5 6 7 7 15
5 5 6 3 4 11
1 5 6 7 3 10 14 5 14 1 3 1
6 4 4 7 2 7 2 4 4 9 4 2 2 7 9 2 7 4 7 2 2 4 2 7 2 2 2 3 4 3 4 2 2 2 2 4 3 3 3 2 2 3 2 2 2 2 3 4 4 2 2 3 7 2 4 2 3 2 3
2 5 6 3 4 3 6 10 10 3 2
1 5 6 6 2 13 15 5
1 6 7 7 3 4 4 7 7 3 7 12 12 3 9 12 12 7 4 7 4 3 2 3 2 3 3 3 3 2 2 3 2 2
5 5 6 7 4 10
1 5 6 2 7 3
1 5 6 3 7 11 10 1
1 6 6 3 2 11
1 5 4 2 4 2 7 4 2 3 4 4 3 9 4 3 3 7 2 3 3 2 3 2 2 2
1 5 6 6 2 10
1 5 6 4 4 3 8 8 9 7 2 2 3 2 3 3 3 2
1 5 6 3 3 10 10
1 5 6 3 4 13 10 10
5 5 5 2 2 5 11 1 10
1 6 4 7 2 4 7 4 8 3 2 4 9 4 2 9 3 4 2 3 9 9 3 4 3 3 3 2 3 3 3 2 2 2 3 3 2 2 3 2 3 3 2 5 3 2 3 3 3 2
1 6 2 7 2 3 9 9 9 8 9 9 4 2 2 2 2 3 3
1 5 6 2 4 13 11 14 1 3 3
1 5 6 3 9 13 13
1 5 6 7 3 2 8 8 9 2 3 3 10 10
1 5 6 6 3 7 10 13 14
1 5 6 4 3 4 8 8 9 3 2 3
5 5 6 2 3 2 10
1 6 2 3 4 2 2 8 7 7 4 9 3 7 9 9 9 2 3 7 3 2 2 2 3 3 3 2 3 2 2 3 3 5 2 2 2 2 3 2 2 2 2 5 2 2 3
1 2 6 3 4 3 4 7 12 2 9 4 4 4 9 3 2 3 4 3 3 2 3 2 3 3 2 2 2 2 2 2 3
1 5 6 3 7 10 1
5 5 6 4 4 13 1
5 5 6 3 3 13
1 5 7 2 6 3 9 8 9 8 2 2 3 10
5 5 6 4 7 10 10 5 10
5 5 6 4 4
1 5 6 7 2 13 5 10 3
1 5 6 3 2 4 10 13 10
5 5 6 2 3 12 9 10 10
6 2 4 6 2 4 7 4 2 4 7 7 7 4 4 9 8 7 3 7 3 2 9 2 4 4 7 3 3 3 3 2 2 2 3 2 4 2 3 3 3 2 2 2 3 3 3 3 3 2 3 2 2 3 2 3 2 3 2
1 5 6 4 4 7 3 10 10
1 5 5 7 7 10
1 5 6 4 4 9 3 8 12 3 3 3
5 5 5 3 4 15
1 5 6 2 7 10
1 5 6 7 4 4 9 8 9 4 2 3 3 10 10
5 5 6 2 2 3 10 13
1 5 6 4 2 10
5 5 6 4 4 5 5 1
1 5 6 6 3 10
4 3 4 3 7 7 3 3 7 7 4 4 4 2 9 4 7 7 8 9 7 4 7 2 4 3 4 4 4 3 4 7 2 2 2 3 2 3 2 2 7 4 2 2 2 3 6 2 3 4 2 2 2 3 3 2 4 2 2
1 5 6 6 4 10 11
1 5 5 7 7 10 14
5 5 6 4 2 13 15 10 1 11
5 5 6 2 3 10
1 5 6 6 4 7 1 8 10 3 2 10
1 5 6 4 3 13 10
1 6 6 2 7 9 5 10 10 3 10 10 10 10 2
6 4 7 4 7 4 6 7 2 3 7 7 7 9 4 3 4 4 4 2 2 2 4 4 2 3 4 2 4 2 4 3 2 2 3 3 7 2 3 2 2 3 2 2 3 2 2 4 3 3 2 3 2 3 4 3 2 2 2
5 2 7 7 2 2 7 4 7 2 4 4 3 4 9 9 9 3 2 2 9 4 2 2 7 2 12 3 3 3 2 2 3 2 2 3 3 2 2 2 2 2 2 3 2 2 2 2 3 2 2 3 2 3 2 4 3 7 3
1 5 6 2 3 10 11 15
5 5 6 2 3 13 10
1 6 4 7 3 4 6 7 4 6 8 7 2 9 3 9 3 3 7 2 3 7 4 3 3 2 4 3 3 2 2 2 2 2 3 2 2 2 2 2 2 3 2 2 3 2 2 3 2 2 2 5 2 2 3 2 7 2 2
5 5 6 4 9 10
1 5 6 2 3 2 8 9 9 3 2 3 10 10 3 3 3 2 3 2 1 10 3 1 2 3 1 2 1 3
5 7 4 7 4 2 7 4 3 2 2 7 4 2 9 7 7 4 3 4 7 4 3 4 3 3 2 4 9 2 3 2 4 3 2 2 3 2 2 2 2 2 2 3 2 2 3 2 2 3 2 3 2 2 3 4 2 2 4
5 5 6 4 7 3 13 10
1 5 6 2 3 11 10
5 5 6 4 3 6 13
1 5 4 4 2 7 4 8 8 2 4 2 9 9 9 9 9 2 3 3 3 2 2 3 2 3 3 2 3 3 1 6
1 5 6 3 7 2 10 11 10 13 3 11 2 5 5 2
1 2 6 2 7 12 4 2 4 2 3 3 3 7 2 4 2 3 4 9 2 9 3 4 3 2 2 3 2 2 3 3 2 3 3 2 2 2 2 3 2 2 2 3 3 3 3 2 3 3 2 2 2 2 2 3 2 2 7

5 5 6 6 2 15
1 5 6 6 7 13
5 5 6 7 3 13 10
2 5 6 4 3 10 10 5 3 6 3 3 5 5 5 10 5 2 1
1 6 6 7 3 2 7 2 12 3 7 2 7 9 9 7 9 3 2 2 2 7 12 3 2 2 2 2 2 2 2 3 2 2 2 2 3 1 3 3 3 3 3 3 3 2 3 2 2 2 3 2 2 3 2 2 2 2 2
1 5 6 3 9 10 10
5 5 6 2 2 10
1 6 3 6 3 4 7 8 9 4 3 3 2 7 3 3 2 2 3 2 2 2 5
1 5 6 7 4 13 11
1 5 6 3 2 9 8 10 10 3
1 6 7 7 7 7 2 8 8 4 6 12 9 4 3 9 2 4 7 4 9 9 2 3 2 3 2 2 2 2 3 3 3 3 2 3 2 2 2 2 2 3 2 2 3 3 3 2 3 2 2 2 2 2 2 2 3 3 2
5 5 6 2 3 13 5 1
1 5 6 2 3 8 10 11 1 10 3 3
1 5 5 2 4 11 13
1 5 6 4 3 10
1 5 6 3 4 3 13 10 11 3 3 5 10
1 5 6 6 9 9 8 10 10 2 2 3
1 5 6 6 2 3 11
1 5 6 7 2 13 10 10 1 5
5 5 6 2 4 10 14 15
1 5 6 6 4 10
1 5 6 3 3 3 15 13
1 5 6 4 2 10
5 5 6 3 7 2 11 13
1 5 6 2 3 10
1 5 4 7 7 2 2 9 4 4 2 9 4 9 7 2 7 4 9 2 2 2 3 3 3 3 2 3 3 3 2 3 2 3 2 2 3
1 5 2 3 4 3 11

1 5 6 2 2 14 13 13
1 5 5 3 4 11
2 5 6 2 4 10 5
1 5 6 2 3
1 5 6 7 7 10 13
1 5 7 4 9 2 8 11
5 5 5 2 2 13 10 10 1 10
1 5 6 4 4 10 15 5
1 5 6 3 7 13 13 10 10
5 5 6 3 3 15 1
1 5 3 3 2 2 10 11 10
5 5 6 6 7 15
1 5 6 2 2 10
1 5 6 3 2 11
5 5 6 2 2 10 11
1 5 6 3 2 13 13 1 2
5 6 6 4 7 3 8 7 4 4 2 4 4 3 7 12 9 2 3 9 7 7 9 3 2 4 2 4 3 3 2 3 2 3 2 2 3 3 2 3 2 2 2 3 2 4 2 2 3 2 2 2 2 2 4 2 2 3 4
1 5 6 3 6 3 8 10
5 4 7 4 4 2 3 9 3 4 2 3 4 4 2 7 7 3 4 4 2 3 3 3 3 3 3 9 4 7 3 2 2 2 3 3 3 3 2 2 2 3 3 3 3 2 3 3 2 7 4 6 2 2 3 2 2 3 2
3 5 6 2 3 10
1 5 6 3 3 11
11 5 6 6 4 10
1 5 6 2 7 14 15 5 5
1 5 6 4 6 4 8 8 9 3 3 10 3 2 3 3 2 2 1 3
1 6 4 7 2 7 3 7 7 4 2 9 3 8 3 2 2 2 3 9 2 9 9 3 3 2 2 2 3 2 3 2 3 2 3 3 3 2 2 2 2 3 2 3 2 2 2 2 3 2 2 5
1 5 6 4 4 13 13 15
1 5 6 2 2 4 9 9 9 7 7 12 3 3 3 3 2 3 10 3 3 2 3 3 2 3
1 5 6 7 4 2 4 4 2 4 2 4 4 7 4 4 4 3 4 4 2 3 2 3 3 2 3 2 2 3 2 3 2 2 3 3
1 5 6 2 3 10 11 5 1
1 5 6 7 4 10 11
1 5 4 7 4 4 8 9 9 7 2 9 2 2 10 1 3
6 6 2 2 4 7 4 7 7 4 3 4 2 4 7 7 4 2 4 7 2 3 2 4 3 2 4 3 3 2 4 2 3 3 2 3 3 2 2 3 2 2 2 2 3 2 2 4 2 3 2 2 3 2 6 3 2 2 2
1 6 6 4 4 4 12 9 9 12 9 3 7 3 3 3 3 2 3 3
1 5 6 2 6 11
5 5 6 7 3 10 5 5 10 5 5 10 11 2
1 5 6 4 2 14
1 6 6 4 4 13 13 5
1 5 5 6 3 13 5 1 10
1 5 6 2 7 4 4 9 9 7 8 4 3 9 9 3 3 2 2 3 3

1 5 5 4 7 3 11
1 5 6 4 4
1 5 3 2 2 3 13 11
5 6 7 7 4 4 7 7 4 2 7 4 3 3 12 7 8 7 2 4 3 2 3 7 3 2 3 3 3 3 2 3 3 2 3 7 2 3 3 2 2 3 3 2 3 2 3 2 3 2 2 2 3 2 2 4 6 3 3
5 5 6 6 4 3 8 8 9 2 3 3 10 10
1 5 6 4 7 13 5
5 5 6 3 2 10 10 13 13 1
5 5 6 6 3 10 13 1
5 5 6 6 3 10 13
1 6 2 7 4 2 4 7 7 7 2 8 2 4 9 7 4 4 9 3 2 8 3 2 2 2 2 3 2 2 2 2 2 3 3 2 3 3 2 2 2 2 3 3 2 3 13 3 2 3 2 5 2 3 2 2 4 2 3
1 5 5 3 2 11 10
1 5 6 3 4 13 5 14
1 5 6 2 4 10
5 5 6 4 4 10
5 5 6 7 4 12 5 10 10 10 3 13 3 2

1 5 6 2 3 13 13 5
1 5 6 3 4 3 9 9 9 9 3 3 3 10 3 2 3
1 5 6 4 2 10 10 11 1 1 2 3 5 1 5
1 5 6 2 7 4 13 11
1 5 6 4 3 10 11 15 1 3 3 5 5 3
5 5 6 2 2 4 8 12 9 9 4 3 10 10
5 5 6 7 2 9 4 8 8 2 7 2 2 3 3 3 2 2 3 3
4 7 4 7 4 4 7 4 2 7 4 7 4 2 2 4 9 7 2 4 2 2 4 3 4 4 9 3 2 4 3 7 4 7 3 3 7 3 3 3 2 2 2 3 4 7 3 2 2 3 3 4 2 3 4 2 2 3 2
1 6 2 4 4 3 7 2 4 3 3 3 4 4 3 9 2 9 9 3 2 3 2 2 3 3 2 3 3 2 3 3 3 2 3 3 2 3 3 2 2 2 2 3 5 5 2 3 2 2 5 10 3 2 3 2 2 6 3
1 6 7 4 7 4 4 12 12 4 3 4 9 4 2 4 4 4 2 3 2 2 3 3 3 2 2 3 2 2 2 3 2 2 2 3 2 2 2 2 3 3 3 3 2 3 3 2 3 3 5 2 3
5 5 3 7 7 15

5 5 6 7 3 5
1 5 6 4 7 4 2 9 9 9 4 12 2 4 3 3 3 3 3 3
1 5 6 4 2 13 11
1 5 6 4 4 13 10 10 5
1 5 6 3 3 6 11 15 10 5 10 2 2
1 5 4 4 8 4 2 9 7 4 9 4 4 3 8 3 7 3 7 6 9 7 3 12 2 2 2 4 3 2 2 3 3 3 3 3 2 3 2 2 2 2 2 3 3 2 3 2 2 2 3 2 2 2 2 4 3 3 2
1 6 3 4 7 2 2 2 7 12 2 2 4 9 3 4 12 3 3 2 3 9 2 2 3 2 2 2 2 3 3 2 2 3 2 3 2 2 3 3 2 3 2 2 3 2 3 3 3 2 2 2 2 2 2 3 5 2 2
7 6 7 3 4 4 4 4 4 4 8 4 4 7 7 7 8 4 9 3 3 2 7 3 4 7 4 2 4 3 2 2 3 4 4 2 7 2 2 2 4 4 7 4 2 3 2 2 2 2 2 2 4 3 4 2 2 3 4
1 5 6 3 4 2 4 4 7 2 2 4 3 12 4 2 9 3 3 3 2 4 3 3 2 2 2 2 2 3 2 2 2 2 1 3 5 2 1 3 2 2 2
1 5 6 2 4 10 13 11
5 5 5 7 2 15 15 5
5 5 15 7 2 13 15 2 3 2 10 3
1 5 6 2 7 9 10 10 10 3
1 5 6 3 4 2 8 9 12 4 2 2 10 10
1 5 6 2 2 15 5 1
1 6 4 4 4 7 4 7 3 4 4 4 9 7 9 8 8 3 9 9 12 3 3 4 2 3 2 3 3 3 3 3 2 2 3 2 2 3 3 2 3 3 2 2 3 2 3 2 3 3 6 5 7 3 3 3 3 6 2
1 5 6 6 2 13
2 5 5 3 4 3 5
1 5 5 4 3 2
1 6 7 7 4 2 8 7 3 7 7 9 4 9 4 2 3 3 9 2 9 2 2 3 3 2 2 2 2 2 3 2 2 2 2 2 3 3 3 5 2 3 2 3 2 5
1 5 6 2 4 9
1 5 6 2 4 13 14 10 11

5 5 6 2 4 3 11
1 6 6 4 4 2 4 2 7 7 7 7 2 12 9 3 4 4 2 2 3 3 2 3 2 3 2 2 2 2 2 3 2 3 3 3 3 3 2 3 3 2 15 3 2 3 3 3 3 2 3 2 2 2 2 2 3 5 3
1 6 2 4 4 2 2 7 12 2 2 3 3 4 7 9 2 2 2 3 2 3 2 3 2 2 2 3 2 2 2 3 2 2 2 2 2 3 2 2 2 2 2 3 2 2 3 3 2 3 2 2 2 3 2 2 2 3 3

1 6 6 2 2 12 13 11 10 2 3 3 3
1 5 6 3 12 9 10 11
11 5 6 2 4 13 10 10 5 5
1 5 6 3 3 7 13 15

5 5 6 3 2 10 5 5 3 4 2
5 5 6 4 7 11 5 15 5 5 1 2 5 3 3
1 5 6 6 7 6 10 5 5 5 2 3 5
5 5 6 6 4
5 4 4 4 2 7 4 4 7 3 7 4 3 2 2 4 4 2 2 2 9 12 7 4 9 3 3 9 2 2 3 2 2 2 3 3 2 2 2 2 2 3 3 2 3 2 2 2 2 2 2 2 6 4 2 7 3 2 3

1 6 6 4 6 3 4 8 7 7 7 3 4 12 4 9 2 7 7 7 2 9 9 2 3 2 2 2 2 2 2 3 2 2 3 2 2 5 3 3 2 2 2 3 2 2 2 2 3 2 3 2 2 2 2 2 2 3 2
2 5 6 7 3 10 13 13 10 3 3 2
1 5 5 4 6 10 11 1
1 5 6 2 7 13 10
1 5 5 2 3 10 14
1 5 6 4 7 3 13 14 13 1 10
1 5 6 2 3 11 13 5
1 5 6 3 4 7 9 12 8 8 9 9 3 3 3 2 3 3
1 5 7 2 7 4 7 9 8 9 7 4 4 12 8 4 9 3 2 2 2 2 2 2 3 3 2 3 3 3 2 15 3 2 2 3 2 2 2 5 3 2 3 3 2 2 5 5 3 5 5 2 3 2 3 5 2 5 3
5 5 5 4 4 3 10 13 2 11 3
5 1 5 6 9 10
5 5 6 3 4 9 10 2 10 3 3 5
1 5 6 7 4 10 11 10
1 5 6 6 4 10 13
5 5 6 2 4
5 5 6 2 9 13 10 5
5 5 6 3 4 11 11 5 2 2 5 2
5 5 5 2 3 10
5 5 6 2 2 10 1
5 5 6 2 3 10
5 5 6 7 3 11 5
1 5 5 2 4 13 1 10
5 5 6 4 3
1 5 6 3 3 10 13
5 5 6 7 4 13
1 5 6 3 3 2
1 5 6 2 2 9 8 13 11
2 5 6 3 7
1 5 4 4 7 10 10 5
1 5 6 7 4 13 1 13 2 5 5
1 5 6 7 3 4 9 9 9 3 4 9 9 8 2 9 2 2 2 3 2 3 3 2 2 3 3 2 2 3 2
5 5 6 3 3 13
2 5 6 2 2 11 10 5
5 5 6 2 3 2 8 9 9 2 2 2 10
1 6 7 2 4 7 7 4 9 4 4 12 7 9 9 2 7 3 9 2 9 2 2 2 2 2 2 3 3 3 10 3 3 2 2 3 2 3 2 3 2 3 2 5 3 2 2 3 2 3
1 5 5 7 7 11

1 6 6 4 4 2 2 4 8 2 3 9 8 9 9 3 4 2 7 9 2 2 2 2 3 2 3 3 2 2 3 2 2 3 2 3 3 2 2 2 3 3 2 3
5 5 5 7 4
5 5 5 3 3 13 5
1 5 2 2 7 4 8 10
2 5 6 6 2 13 10 10 10 5
10 5 5 2 7 10 5
1 5 6 6 2 10 13 15 10 3 3 5 3 5
1 6 7 4 3 7 2 7 8 4 3 4 3 7 9 3 3 9 3 2 3 12 2 2 2 2 2 2 3 3 2 3 10 2 2 2 2 3 3 2 2 2 2 2 2 2 3 3 2 2 3 2 2 3 2 3
1 5 6 4 3 13 5
1 5 6 3 3 13 13
5 5 6 6 3 10 10 13
1 2 6 2 7 13
3 5 6 4 9 13 13
5 5 6 4 7 2 6 15 10 3 2
5 5 6 7 4 15 11
1 5 6 3 2 10
5 5 6 2 3 13
6 7 2 3 7 2 7 7 3 4 2 12 8 9 2 3 4 3 7 2 4 3 3 3 3 2 2 3 9 2 2 2 3 3 3 3 4 2 3 2 2 2 2 6 4 3 3 2 2 2 2 3 4 2 4 3 3 3 2
5 5 6 2 3 3 13 10 10 1 3 3 2 5
1 5 6 4 2 8 10 10
1 6 6 2 4 4 4 4 9 7 9 7 4 4 9 4 9 2 9 9 9 3 2 3 3 2 2 2 3 3
5 4 4 7 7 7 3 12 7 7 7 9 2 9 9 8 4 4 4 4 3 4 4 9 2 3 2 4 2 2 2 4 4 3 2 7 3 3 2 2 3 2 2 2 6 2 2 2 3 3 2 4 2 4 2 2 3 2 4
1 5 6 2 4 3 4 8 2 9 4 12 9 9 12 3 8 2 3 2 2 3 2 2 2
10 6 6 6 3 2 10 14 10
1 5 6 7 3 2 3 11 10 11 3 3
1 5 6 2 2 8 8 13 10 3 10 10 5 13
1 5 5 3 4 11 13
1 6 6 2 4 2 7 7 7 2 7 9 3 4 7 3 7 3 2 9 4 7 4 4 3 2 4 3 2 3 3 2 2 3 2 3 2 2 2 2 3 2 2 3 2 3 3 2 2 3 3 2 2 3 3 3 2 3 2
5 5 6 7 3 2
1 5 5 2 4 13
5 5 6 4 3 3 10 13 13
1 5 6 4 3 4 10 11 10
1 5 5 3 2 13 1
1 5 6 3 4 10
1 5 6 2 4 13 13 5 14 10 3 1
5 5 6 6 3 3 11 11 5 5 3 1
1 5 6 3 2 7 8 8 9 3 3
1 5 6 4 2 11 15
1 5 6 4 2 3 5 10
1 1 6 6 2 10 10 5 14 2 3
1 5 6 7 2 7 8 8 9 3 3 3 10 10
5 5 6 2 2 6 10
5 5 6 2 3 11 11 5
1 5 4 7 4 7 4 8 2 9 4 4 4 4 4 7 9 9 4 4 7 9 3 2 3 3 3 2 2 2 2 2 2 2 3 2 2 3 2 2 3 3 2 4 2 3 2 2 2 3 2 5 3 2 3 2 5 3 2

1 5 6 7 4 11 5 3
2 5 6 2 2
1 5 6 7 4 2 11
1 5 6 3 4 9 9 9 9 9 7 3 2 10 2 2 2 3 3
1 5 6 6 7 13 1 15
1 5 6 3 3 2 11 13 2 13 5 5 3 2
5 5 6 2 4 7 13 10 10 3 3
5 5 6 3 7 6 10
1 6 6 2 7 2 4 7 7 4 3 4 9 9 4 7 9 2 2 2 2 3 3 3 3 3 2 2 1 3 2 2 3 2 2 2 2 2
5 5 6 2 4 7 9 8 4 9 3 3 2 10 3 3 2
1 5 6 7 4 4 8 9 9 12 3 2 2 10
5 5 6 3 2 13
1 5 6 7 9 10
5 5 6 7 3 13 10 15
5 5 6 4 7 13
1 5 7 6 7 3 4 2 9 9 9 9 7 3 9 2 3 2 3 3 3 3
1 5 5 7 4 13 11 5
1 5 6 4 4 10
5 2 4 3 7 3 2 7 3 8 3 3 6 7 2 2 4 4 4 4 7 7 2 3 3 3 2 2 4 3 4 2 3 2 3 2 2 2 2 3 3 3 3 3 2 2 2 3 2 3 2 2 6 2 2 3 3 3 7
1 5 6 4 2 7 10 10 10 3 1 1 5 1
5 5 6 2 4 11 5
1 5 6 4 4 10
1 5 6 6 2 3 10 10 11 10 3 14 5
1 5 6 2 3 10 10 14
1 5 3 4 2 2 10 5 5 10 2
1 5 6 4 4 8 8 8 9 7 3
1 5 6 3 2 11 13 10 10 3
1 5 5 4 4 11 10
5 5 6 6 2 11 5
1 5 5 6 3 15 13
1 5 4 7 2 4 8 8 9 12 7 4 4 9 4 9 3 3 2 2 2 3 3 2 2 2
1 5 6 3 7 8 10 9 10 3 2
5 5 6 4 7 10
5 5 6 4 4 4 12 9 8 3 3 3 10
1 5 6 7 7 10 5 10 3
5 5 6 4 3 10 10
5 5 4 6 4 2 14 11
1 5 6 2 3
1 5 6 2 3 10 14 1
1 5 6 6 2 7 12 7 8 7 3 7 7 9 9 9 4 2 2 2 3 3 2 2 2 3 3 2 3 1 1
5 5 5 3 2 13 5 5 3 15 3 13 3
1 6 2 2 7 7 7 4 2 4 2 2 4 4 9 2 7 2 4 3 9 3 3 2 4 2 3 2 3 3 2 2 2 3 2 2 3 3 2 3 2 2 2 2 2 3 3 5 2 2 3 3 3 2 3 3 2 7 3
5 5 6 2 4 13 11 1
1 5 6 4 3 2 15 10 13 5
1 5 6 2 3 6 11 10 5 10 15
1 5 6 7 2 10
1 5 6 3 4 10 5 11 5
5 5 2 3 2 10
4 2 4 4 4 12 7 4 2 7 7 7 9 2 4 2 2 4 2 7 3 7 2 4 2 4 7 2 2 2 7 3 2 2 2 7 2 2 2 2 3 3 3 7 2 2 2 3 4 3 4 6 6 2 3 2 2 2 3
1 5 6 2 2 3 10
1 5 6 7 7 10 11 10 2
1 6 6 7 4 4 9 7 4 7 4 7 7 9 9 3 2 2 2 3 2 2 2 2 2 2 2 3 3
1 5 6 7 7 7 9 8 12 4 3 2 3 10
1 5 5 3 2 10
1 5 5 3 2 10 10 5
1 5 6 4 2 2 13 5 13
1 5 6 4 7 11 13
1 5 5 4 4 10 11 1 1 5
1 5 6 2 4 10 10
5 5 6 3 3 4 8 8 9 3 2 3 10
1 5 6 2 7 10 1
7 6 4 7 4 4 2 7 2 4 2 7 4 8 4 4 7 7 4 3 4 7 3 7 2 2 2 3 7 7 3 4 4 4 7 4 3 3 2 2 4 3 2 3 2 2 7 2 2 3 3 2 2 4 6 2 4 3 2
1 5 6 2 7 11
5 5 6 6 7 10 13

1 5 6 4 7 13
5 5 6 4 4 13 15
1 5 6 4 4 10 13 5 2 3 3
1 5 6 3 2 4 10 15 10 3
5 5 5 2 7 10 1 5

2 6 4 3 2 4 3 4 2 8 7 2 7 2 2 4 4 2 7 2 3 2 4 3 2 3 3 2 2 3 3 2 3 2 9 2 2 2 2 2 2 2 3 3 2 4 2 4 3 2 2 2 2 2 3 2 4 2 2
5 4 6 4 7 4 7 4 4 2 4 7 2 7 7 7 3 2 2 12 2 2 2 4 4 2 3 3 3 3 2 2 2 3 2 4 3 3 2 3 2 2 3 3 2 3 2 2 3 2 2 2 2 2 2 2 3 2 2
5 6 7 7 7 4 3 4 8 4 7 4 12 3 4 8 4 9 8 9 3 9 3 4 2 4 3 2 2 4 3 2 2 3 2 2 3 2
1 5 5 3 2 13 13
5 5 5 7 7 13 10
15 5 6 3 2 10 10 5 2
1 5 6 6 6 4 3 10 10 2 10 3 10 5 3 3 2
1 5 6 4 3 10 11 11
1 5 6 2 3
1 5 6 2 7 10 13 5
1 5 6 7 7 13 11
1 5 6 2 3 10 10 10 5
5 5 6 2 3 13 11 1 14 3
1 5 6 2 2 5 11
6 7 7 2 4 7 2 6 7 4 8 7 2 3 4 2 7 7 7 9 7 3 2 3 4 2 4 3 12 3 7 4 2 2 4 4 2 2 2 3 2 3 2 3 6 2 2 3 2 4 3 4 2 2 3 2 3 2 2
1 5 5 4 3 10 13 2 3 2 5
1 5 6 7 6 7 8 9 7 4 3 4 8 9 9 7 9 2 2 2 3 2 3 2 3 3 2 2 2 3 10 3 3 2 2 3 2 3 2 3 2
5 5 6 3 4 13 11
1 5 6 6 7 10 10 5 1 2 3 2 1 1 2
5 5 6 7 8 10
1 5 5 7 3 11 5 3
1 5 6 2 4 2 9 9 8 9 2 2 2 3 10
1 5 6 6 2 5
1 5 6 2 4 4 12 12 4 3 3 2 3 2 3 2 10 3
1 6 2 2 9 4 4 4 9 4 2 4 3 4 7 2 2 2 6 2 7 2 3 3 4 3 3 3 3 9 2 2 2 2 3 3 3 2 3 2 2 2 2 2 2 2 2 2 3 3 2 3 3 2 3 2 2 2 2
1 5 3 2 7 13 10
1 6 6 4 7 2 7 7 9 4 4 12 7 9 8 9 4 4 9 2 3 3 3 2 2 2 2 2 3 2 2 2 2 3 2 1
1 5 5 3 7 10 5 1 2 5
1 5 6 6 9 14 5
7 4 7 4 7 12 7 7 7 4 4 9 4 4 4 9 3 4 4 4 2 2 3 4 4 4 2 4 3 2 2 2 3 3 2 2 4 3 2 2 4 2 4
4 5 6 4 3 13 10
5 5 2 6 7 10
2 3 4 7 7 2 4 4 4 4 2 7 4 8 2 4 4 2 7 3 2 12 7 2 2 3 2 3 3 2 2 2 3 3 9 2 2 2 3 3 2 3 3 2 2 2 2 4 2 2 2 2 4 12 4 2 3 4 3
1 5 2 3 2 4 8 8 9 2 2 3 10 11
1 5 6 7 2 2 8 8 8 12 9 3 3 10
5 6 4 3 4 3 7 7 7 7 2 4 7 2 9 9 8 4 2 4 2 3 4 9 3 2 3 3 2 3 2 2 3 2 3 3 2 3 2 2 3 3 2 3 4 2 2 2 2 3 2 3 3 6 2 3 4 2 2
1 5 6 7 4 10
1 5 6 3 7 2
5 5 6 2 7 13
5 5 6 7 3 13 11
1 5 6 7 4 3 13 13 10 10 2 3 6 10 2
1 5 6 3 2 13 5 5
1 5 5 2 2 10 10 14
1 5 6 2 3 10 5 10
5 5 6 2 4 4 10 15
2 3 2 6 4 7 6 3 7 7 9 8 7 4 4 2 3 7 2 7 2 7 2 4 3 2 3 3 2 3 2 3 2 2 2 4 2 3 2 2 2 2 2 3 2 2 2 3 2 3 3 4 2 2 2 3 3 2 3
2 2 3 4 4 8 3 4 4 4 4 4 2 4 4 12 4 3 4 7 2 4 4 7 4 4 4 4 2 2 4 2 2 2 2 2 2 2 3 3 7 3 7 4 2 2 3 4 2 2 7 4 2 4 3 3 2 7 2
1 6 2 3 4 9 7 9 9 4 9 9 9 3 2 2 3 2 3 3
1 5 6 3 4 10 5 5
5 5 6 2 4 10
1 5 6 2 2 11 1 5
5 5 6 2 7 10 1 13
5 5 6 3 4 10 1 1
1 5 2 4 3 15 10 5 11
1 6 4 2 4 9 7 4 9 9 7 8 4 7 7 3 3 8 8 4 3 2 2 4 4 2 2 3 2 3 2 2 3 2 2 2 2 2 2 2 2 2 3 2 3 2 3 3 10 2 2 2 3 2 3 2 2 2 3
1 5 4 2 7 13
1 5 6 4 3 2 15 10 1 3 1
5 5 6 6 4 10 10 13 2
1 5 6 2 2 12 8 8 9 3 3 3
1 5 6 7 7 7 8 9 8 9 2 2 2 3 2 2 3 3 3 3 2 3 2 3
5 5 7 6 4 9 10 13
1 6 7 4 7 4 4 7 4 7 4 7 4 4 12 9 2 4 2 2 2 2 2 2 3 3 2 3 2 2 3 3 2 3 3 2 2 3
1 5 2 3 7 2 7 7 7 9 7 4 9 9 4 7 2 2 2 3 2 3 3 3 3 2 2 3 3 2 2 3 2 3 2 3 2 2 2 2
5 5 6 2 9 13
1 5 6 3 4 14 10
1 5 6 2 7 10
5 5 6 2 4 10
1 6 4 7 4 7 4 7 4 7 4 4 7 4 7 7 2 2 3 12 7 2 2 3 3 2 3 3 3 12 3 3 2 2 2 2 3 2 3 2 2 2 2 2 3 3 2 2 3 3 2 2 2 2 2 2 2 3 3
5 5 6 2 2 10 14
5 5 6 7 3 11 5 11 10 3
5 5 6 4 3 13
1 6 7 7 7 3 9 9 9 2 9 2 9 9 2 3 2 2 2 3 2 1 3 3 3 13 2 3 2 3 3 2 2 1 3 3 2 3 2 2 5 1 3 2 1 2
1 5 6 2 4 10 11 11 2 6
1 5 6 4 4 10
1 5 5 3 2 3 13 10 11 13 3
1 5 6 3 3 7 11 13 15
1 5 6 3 2 4 9 12 9 7 3 9 3 2 10 3 3 3 2 2 3 2 10 2 3 2 5 5 10 3 3 2 5 5 1
5 6 4 3 4 8 7 3 7 9 9 9 4 3 6 9 4 4 2 4 2 3 3 3 2 3 3 4 3 3 2 2 3 3 3 3 3 2 3 3 3 3 2 3 7 3 2 2 3 3 2 7 3 2 2 2 3 2 3
5 5 5 7 7 10 11 11 5
1 5 5 6 2 13 5 5 3 2
1 5 6 4 3 4 8 8 9 7 9 9 12 3 3 9 2 3 3 3 3
1 5 6 6 4 3 11 5 11 11 3
1 5 6 3 2 13 5 1
5 5 6 6 7 10 5 1
1 5 6 3 4 13 11
2 5 6 4 7 13 10
1 5 6 4 4 2 8 8 9 4 2 3 10 10 10 5 2 2 2
1 6 2 6 7 2 2 4 4 4 2 4 9 3 3 7 12 3 2 2 2 2 2 3 2 3 3 2 3 3 3 2 2 3 3 3 3 3 2 2 3 2 2 5

5 5 6 6 7 12 10 8 10 3 3 3 3 3 5 3 1 3
2 5 6 3 3 13
1 5 6 7 3 11 2 5 10
1 5 5 3 2 10 10 10 5 3 5
1 5 6 2 7 10
5 6 2 7 4 4 2 4 2 2 2 2 4 4 7 7 3 4 3 9 2 2 3 2 3 3 2 2 4 3 2 3 2 3 2 3 2 3 2 2 3 3 3 2 2 2 3 3 2 3 3 2 4 3 2 2 2 2 6
1 5 6 6 3 2 8 8 10 3 3
1 5 6 3 2 3 11 13 5 2 1 3
5 5 6 4 4 2 12 9 9 9 2 3 3 3 3 3 3 2 10 3 5 2
2 5 6 6 4 11
5 5 5 3 7 13 13 10 1 11 5 3 10 5 1
1 5 6 3 2 10 10
5 5 6 4 4 10 13 11 3 5

1 6 2 2 6 2 7 4 7 2 9 4 2 9 9 4 3 12 9 3 2 3 3 3 2 3 3 3 2 3 2
3 5 5 2 3 10 10 5 1 1 10 1
1 5 6 2 3 2 11 13
1 5 2 4 3 7 7 9 9 9 9 3 3 2 2 3 3
5 2 7 4 4 4 4 3 4 7 4 9 9 12 4 3 7 8 8 3 4 3 4 3 3 3 3 12 2 3 2 3 4 2 3 3 2 2 3 2 2 4 2 3 2 2 3 3 2 6 2 2 2 3 3 2 7 2 2
5 5 5 4 3 10 13
6 2 2 4 4 4 7 12 4 4 2 4 2 7 4 7 8 3 2 8 2 7 2 3 2 2 2 4 3 3 2 2 2 2 3 2 3 3 2 2 2 2 2 2 2 2 3 3 2 3 2 3 3 2 2 3 2 2 7
1 5 5 3 4 10 11 13 10 3
1 5 6 6 7 13
1 5 5 6 3
1 5 6 4 3 8 10 10 14
1 5 5 3 3 10 5 5 1 10 3 3
1 5 6 2 9 13 5 10 5 5 5

5 5 2 2 2 7
1 5 2 2 2 8 8 10 11 10 2 2
5 5 6 2 3
2 5 5 4 3
5 5 6 2 3 10 5 10 1 2 2 1 5
1 5 6 3 7 13 10 5 5
1 5 6 3 6 4 8 8 9 3 3 3 11
1 5 5 2 3 10 5
5 5 6 3 7 11 10
5 5 6 2 2
1 5 6 4 2 10 13


1 6 3 4 4 8 2 2 4 7 4 8 4 8 9 9 9 3 4 2 9 3 7 2 4 3 3 3 3 3 2 2 3 2 3 3 2 2 2 2 3 3 2 3 3 3 2 2 3 3 3 2 2 3 2 3 6 3 2
1 5 6 3 4 2 9 9 9 9 3 4 3 3 3 3 10 3 10
1 5 6 3 7 7 10 8 10 3 1 10
1 5 2 3 7 4 2 9 8 12 12 9 12 9 3 2 2 2 3 3 3 2
1 5 6 2 7 13 5 1
5 5 6 2 3 3 10 13 10
1 5 6 4 4 13
1 5 5 6 3 10 10
1 5 6 4 4 10 5
6 6 7 7 7 2 7 4 4 4 7 4 4 9 4 4 4 9 2 2 2 3 3 4 4 7 2 3 2 7 7 3 4 2 4 2 3 2 2 3 3 2 3 2 3 4 3 4 4 4 2 2 4 3 2 2 3 6 3
1 5 5 3 4 13
5 5 6 3 7 10 5
5 5 6 3 3 13
1 5 6 9 3 11
1 5 6 2 7 10 14
1 5 6 2 4 10
5 6 3 7 7 2 7 4 4 4 7 7 4 7 9 4 3 4 4 2 9 8 4 4 9 3 3 4 3 2 9 3 3 2 2 3 3 2 2 2 2 2 2 2 2 3 2 3 3 3 2 2 2 2 2 2 4 2 3
1 5 6 2 4 2 13 10
1 5 6 6 4 3 13 14
1 5 6 8 3 10
5 5 6 2 2 10
1 5 6 2 2 2 5 13
5 5 6 4 3 11 5
1 5 6 3 3 13
1 5 5 7 2 10
5 5 6 2 3 1 11
1 5 6 3 4 11
1 5 3 6 9 2 4 9 7 9 2 2 2 2 3 3 3 3 3 2 2 2 3 3 3 2 2 2 2 2 3 3
1 5 6 3 6 9 10 10
1 6 7 4 3 12 7 8 8 7 7 3 4 4 4 4 9 2 4 4 3 2 3 3 3 3 2 2 3 3 3 2 2 3 3 2 3 2 3 3 3 3
5 6 6 7 4 7 7 4 4 7 4 2 2 7 9 7 2 7 4 3 3 2 3 2 2 2 4 4 2 4 3 2 3 2 3 2 2 2 2 3 3 2 2 2 2 4 2 3 2 3 2 2 2 3 2 2 2 6 4
2 5 6 2 6 12 9 8 9 3 3
1 5 6 2 3 11 1 5 10
1 6 6 7 3 7 4 8 4 4 9 3 8 7 2 12 3 2 3 2 3 3 3 3 2 10 2 3 3 3 3 2 2 2 2 5 2 3 2 1 2 5
1 5 6 4 2 10
1 5 6 3 2 15 5

1 6 6 7 2 7 7 12 9 4 7 4 4 9 9 2 2 3 3 3 3 2 3 3
1 6 4 6 2 6 7 8 9 7 2 7 7 12 2 9 9 2 3 3 2 3 3 3 2 2 2 3 2 3 3 3 2 1 3 3 1 3 2 2 3
1 5 3 2 7 10
5 5 6 2 4 2 15 13 5 15 2 10
1 3 3 4 3 3 7 4 7 7 2 2 9 9 8 4 3 7 2 2 7 3 9 2 2 2 2 2 2 2 2 2 2 2 3 3 2 3 2
1 5 6 2 2 3 13 13
1 5 6 4 3 13 1
5 5 6 2 3 13
1 5 6 2 4 11 15 10
5 5 6 3 9 10 5 10
5 5 6 4 7 4 9 8 9 3 3 3
1 6 6 7 3 7 8 12 9 3 3 2 10
2 5 6 4 4
7 6 2 4 2 3 4 4 3 2 7 3 3 7 4 7 4 4 7 2 4 9 7 3 2 2 2 2 2 2 3 3 2 2 4 2 3 2 2 3 2 3 2 3 2 6 2 2 2 2 2 3 7 3 3 4 2 7 2
1 5 3 7 7 10 15
1 5 6 2 6 2 8 9 9 9 7 3 9 12 9 7 9 3 2 2 2 2 3 3 2 3 2 5 2
1 5 6 4 4 11
1 5 6 6 4 3 10 14
5 5 6 2 3 2 13 10
5 5 6 2 2 10 10
5 5 6 3 3 10 1
1 5 6 7 2 13 10 5 1 5 5
5 5 6 2 2 11 1
1 5 6 3 4 14 11 5
5 5 6 2 2 10 14
5 5 5 2 3 11 11 3
1 5 6 3 4 11 10 5 5 11 5 5 1 3
5 5 6 6 7 10 10
1 5 6 3 3 3 11 15
1 5 6 7 7 8 11 8 10 3 2 13
1 5 6 6 3 13 5

1 5 6 4 7 7 10 13 10 10 2 5 11 5 13
1 5 6 2 4 3 10 13 13
1 5 6 2 4 8 3 10 10 2 2
1 5 6 7 6 7 8 10 9 3 3 2 2 11
5 5 5 2 2 10 11
1 5 6 6 7 4 9 12 9 2 3 3 10 10 2 3 2 2 3 3
1 5 5 2 3 10 5
5 5 6 7 3 11
5 5 6 3 4 2 15 10 10 2 10
5 5 6 3 4 13 13
1 5 6 6 7 13 1
5 5 6 4 4 2 11 13
1 5 6 3 3 7 3 9 9 4 7 4 3 3 2 2 2 3 3 2 1 3
5 5 6 6 3 3 10 13
1 5 6 3 3 11 10 13 10
5 5 5 4 2 13 5
5 2 7 3 4 4 7 4 7 2 4 4 2 4 7 4 9 2 2 4 2 3 4 9 4 2 3 2 2 2 2 3 2 2 2 2 4 2 2 2 2 3 2 2 2 3 2 2 3 2 2 2 2 3 2 2 3 2 4
1 6 6 3 4 4 4 9 4 4 7 4 2 9 9 7 2 2 4 4 3 2 3 3 3 3 3 3 2 3 2 3 2 3 3
1 5 5 4 2 10 11
3 5 6 4 3 13 15 13
5 5 2 2 7 10 10 13 5 5 2 3 2 5 3 3 3 5 5 5 2
1 5 5 4 2 10 1 2 10
5 5 6 6 6 5 13
5 6 7 4 7 7 2 2 3 7 4 4 7 7 7 4 2 4 2 7 3 2 7 7 3 2 4 3 3 3 3 2 2 2 2 3 2 2 2 3 3 3 2 2 2 5 2 2 2 2 2 3 2 3 2 2 2 7 2
5 5 6 4 3 11
1 6 6 7 2 4 4 7 7 2 2 4 4 8 4 9 3 3 2 4 2 2 2 3 3 2 2 3 3 3 3 3 3 3 3 2 3 3 3 2 2 2
5 5 6 6 4 15
1 6 6 7 7 4 7 12 9 9 9 7 7 9 9 9 8 2 2 2 3 2 3 3 3
5 5 6 3 3 11 13 1

1 5 6 7 4 10 15
4 2 5 3 7 10 5 1 6 2 5 10 10 3 2 2
1 6 5 6 3 11 5
1 5 5 4 7 4 10 10 10 2 10
1 5 6 3 4 10 13
1 5 6 7 2 11 10 1 10
5 5 6 2 2 7 3 8 12 3 3 3

1 5 5 2 4 11
1 5 6 4 7 4 8 9 3 3 3 3 10
1 5 6 2 2 2 11 5
1 1 5 4 2 10 5
1 5 6 3 4 10 13
1 5 5 6 3 10
1 6 4 3 7 8 4 8 8 2 4 6 9 8 9 9 9 3 2 3 3 2 2 3 3 2 2
1 5 6 4 2 10 10 11 13 1 3 3
2 4 7 4 7 7 7 4 4 7 2 7 4 3 2 4 3 2 4 7 3 4 3 9 7 7 3 7 2 3 4 3 2 4 3 3 3 2 2 4 2 3 2 2 3 2 2 4 3 7 2 7 7 3 2 2 2 6 2
1 5 6 3 2 10 11 13 10 2 1
5 6 2 2 4 4 4 2 7 2 2 7 4 2 12 9 9 7 2 3 7 9 2 2 2 3 3 2 3 3 3 2 2 3 2 3 3 3 2 3 3 3 3 2 3 2 2 3 2 2 2 2 2 2 2 3 2 3 2
1 5 6 6 2 11 5 11
1 5 6 6 3 2 9 8 12 9 7 3 3 2 3
5 5 6 2 4 6 11 11
1 5 6 6 4 7 10 10 10 3 10
1 5 6 3 2 3 5 5
1 5 5 4 3 10 13 11 11 2
1 5 6 3 2 10 13 10 3
1 5 6 7 3 2 5
1 6 6 7 3 3 7 7 4 2 9 4 4 2 8 9 7 2 9 4 2 3 2 3 2 2 2 2 2 3 3 2
1 5 7 3 3 13 13 5 1
5 5 5 4 7 11 2 1 6 5
1 5 6 7 4 13 13 11 10
1 5 6 2 9 11 5 10

1 5 6 4 7 2 9 9 9 3 2 3
5 5 6 6 3 10
1 5 6 7 4 10 11 5
5 5 6 3 9 2 13 10 10 10 3 10
5 5 5 6 7 13
1 5 6 2 3 10
1 5 2 2 3 10 10 14 5
2 4 6 3 4 8 5
5 5 5 3 2 10
