1 1 5 9 4 4 4 12 2
1 1 6 4 7 2 7
6 1 5 8 7 3 4 3 2 2 13 3 3 2 3
6 5 5 7 4 4 7 4 3 2 4 3
1 1 5 8 4
1 5 5 3 4 3 7 2 3 7 2 3
6 5 6 4 7 4 2 4 3 2 8 2 2 2 3
1 1 5 2 4 4 2 2 4 8 2 12 4 2 7
1 1 1 8 7 2 8 3 9 2 10 3 2 3 2 3 3 3 3 2 11 3 2 3 4 7 2 8 3 2 3
5 6 5 4 7 4 4 2 8 8 2 2 2
1 1 5 8 2 3
6 6 6 8 2 2 7 2 8 3 13 2 2
1 1 1 4 3 4 2 8 3 4 8 2 3 4 3 3 9 3 10 2 3 3
5 1 6 2 7 7 8 12 4 2 7 2 3 3 2 3 2 3 3 3 3 3 3 3 4
1 1 6 7 2 7 3 12 9 4 7 7 7 3 2 3 2 9 9 4
1 6 6 2 4 4 8 9 3 3 8
1 5 6 9 4 4 7 2 4 3 13 3 3 3 2 3 3 7 3 4 3 3 3
1 1 5 2 5 2 7 2 2 2 10 2 2 3 8 3 7 4 2 3 3 4 3 3 8 9 9 3 3 12 4 9 3 8 3 4 3 3
1 6 6 3 4 12 2 4 2 7 8 2 3
1 5 6 3 4 12 3 2 8 2 3 2 7 4 2 3
1 5 5 4 4 4 3 7 8 2 8 3
5 1 5 4 3 2 7 7 2
1 6 6 4 2 2 2 2 11 7 7 2 2 3 7 12
1 5 6 4 8 2 3 4 12 2 13 12 3 3 3 3 2 3 7 2
1 5 5 3 8
6 6 1 7 2 8 3
1 1 9 7 2 3 3 3 3 2 2 9 4 2 8 2 9 12 2 4 7 3 9 2 3
5 5 6 3 4 2 2 2 9 3 13 12 3 3 3 2 12 4 3
5 5 1 9 8 4 4 4 8 3 7 11 12 3 8 2
1 1 6 7 4 5 3 4 2 2 2 4 2 2 3
5 1 5 4 2 4 3 7 4 2 15 3 3 3 8 2 3 2 3 3 3 3 3 3 2 4 3 4
1 1 6 3 11 11 3 3 3 2 8 8 3 3 2 4 3 3 2 2 2
6 1 5 12 8 4 7 3 3 4 10 3 2
5 1 1 2 4 4 2 2 2 2 2 2 3 3 2 3 2 2 9 12 9 2 3 3 3 3
5 6 5 3 8 2
5 5 5 7 4 2
5 5 5 8 4 4 3 4 9 8 13 9 2 2 3 7 3 3 3
5 1 5 2 10 3 3 3 2 3 8 4 3 9 2 7 3
1 5 1 8 4 2 3 7 4 8 2 2 3 3
5 5 1 2 4 8 12 3 4 2 7 2 2 2 3 3 4 7 2 2 2 3 2 2 3 3 2 4 2 2 3 3 8 3 4 3 2 3 2 3 3 9
6 1 5 2 2 2 3 7 2 4 15 3 2 2
1 1 1 8 8 4 2 2 2 3 10 3
1 6 6 3 8 2 3 9 4 3 7
1 1 5 2 7 4 4 3 4 2 7 3 4 2
5 5 6 8 10 7 4 2 3 8 2 2 9 3 9 12 3 3 3 2 3 3 12 3 7 2 3 2 3 3 3 2 3 4 3 9 7
5 6 1 5 4 3 2
1 1 5 7
5 1 5 8 7 8 2 2 2 7 13 3
1 5 1 7 4 2 8
1 1 1 4 8
1 5 1 4 4 2 7 2 7 7 8 3
1 1 5 7 2 3 3 9 4 3 13 9 3 4 3 3 2 3 2 2 2 3 3 3 3 12 2 3 12 4 3 3 10 2 3 3 3 8 2 3 3 3 3 4 3 3 3
5 1 6 4 2 4 4 2 7 3 13 12 3 3 3 3 3 12 8 4 7
1 5 5 4 2 7 2 2 2 4 7 2 3
5 6 5 3 7 2 4 4 2 4 8 3
1 1 5 4 3 4 4 8 3 4 10 2 3 3 3 2 3 2 2 2 2 3 4 2 2 3 2 9 8
6 6 5 7 11 3 3 2 2 3 14 3 2 7
1 1 5 4 2 2 4 2 9 12 2 4 3 2 3 2
1 1 1 2 4 2 7 4 8 4 15 3
6 1 5 7 7 2 7 2 7 4 10 4 4 2 2 3 3 2 3 2 3 3 2 7
1 1 5 2 7 3 4 7 2 4 7 4 3 8 9 3 3 3 3
6 1 6 4 4 7 4 9
6 5 5 8 7 4 8 4 2 8 2 2 7 7 2 2 4 2
1 1 6 4 7 3 4 3 2 2 7
1 6 5 7 2
5 6 6 12 3 3 8 3 4 4 12 3 4 2 2 3 7 3 3 2 4 2 3 3 4 12 3
1 1 1 12 8 2 2 4 4 7 8 2 8 7 3
5 1 6 4 7 8 9 10 3 7 13 2 4 3 12
1 6 6 2 2 3 4 2
6 1 6 4 2 2 3 3 2 3 2 9 2
5 6 6 2 4 2 4 2 2
1 1 5 4 4 3 3 2 4 4 9 2 9 3 3 2 2 3
6 6 6 7 8 2 4
5 1 1 2 7 8
1 1 5 8 7 2 4 3 3 3 10 2 2 3 3 8 3 9 3 3 2 3 2
1 1 5 4 2 8 2 7
5 1 5 7 7 2 8 4 2 12 8 3 3 2 2 3 2
1 5 4 4 2 4 4 3 4 2 2 3 3 2 3 3 8 2 8
6 1 6 4 2 4 2 3 4
1 1 5 4 8 3 3 2 9
1 5 1 4 4 3 2 3 2 4 11 2 8 2 2 2 2 4 3 4 3 8 3 3 2 12 3 3 2 3 3 3 2 2 3 3 3 4 2 4 3 3
5 1 1 4 8 4 3 8 4 8 8 2 7 2 2 3 4
1 5 5 7 8 3 4 2 7 4 10 2 3 3
5 5 5 7 2 3 3 4 3 2 7 2 4 2 3 2 2 2 2 3 3 3
1 1 5 4 4 2 4 2 3 4 7 2 2 4 3 3 11 3 4 2 2 2 3 2 3 2 3
5 5 1 3 9 9 4 2 12 2 8 3 4 2
6 6 1 3 7 3 3 3 2 3 3 3 4 2 3 2 2 2
5 1 6 9 4 2 2 7 2 7 16 9 3 2 5
1 6 6 8 4 2 2 3 4 8 13 2 2 3
5 1 5 2 3 4 8 8 2 3 8 3
6 1 5 2 4 2 4
1 1 1 7 2 2 3 4 3 4 7 2 4 3 2 2 8 2 2 7
1 1 5 7 4
6 5 6 2 2 7 3 4 4 3 10
5 1 5 7 3 3
5 5 5 4 8 8 3 4 3 9 2 3 7 4 8 3 4 8 3 2 2 12 2 3
1 5 5 3 8 4 12 2
1 1 6 4 4 8 3
1 6 5 2 2 8 3 12 4 2 8 2 3 4 3 3 2 3
6 5 1 7 7 7 3
6 5 1 3 3 8 9 7 9 3 15 3 4
1 1 6 7 4 12 3 3 12 4 8 3 2
6 1 6 3 2 6 2 4 3 2 2 2 4 3 2 2 2 3 3 2 3 2 3 2 3 3 3 3 3 3 2 3
1 1 5 4 3 2 4 4 7 3 8 12 12 3
5 1 6 2 7
1 5 6 4 4 7 4 4 2 8 11 2 2
1 5 5 4 12 4 3 2 8 4 8 3 3 3 3 3 8 4
1 6 5 2 7 2 4 12 3 4 2 2 2 3
1 5 5 2 2 2 2 2 2 2 8 2 3 12 3 2 3 2 3 3 8
1 5 6 3 7 3 12 8 2 9 8
1 6 6 3 2 3 2 3 7 4 2 8 3 4 3 9 2 3 7 4 2 8 2 2 4 7 3 4 8 2 2 7 3 2 4 3 4 4 2 12 3 9 3 8 7 2 2 2 4 4 2
5 1 5 4 8 2 3 2 2 2 11
1 5 5 4 4 4 6 4 7 7 7 3 3 9 3 12 9
1 5 5 2 3 8 7 12 8 7 7 2
5 1 1 2 4 7 4 7 3
1 1 5 3 3 4 2 4 4 2 8 2 3 9
1 5 6 3 4 2 9 7
1 1 5 4 7 4
6 1 5 3 4 8 2 8 12 2 8 3 2 4 3 4 12 2
5 5 1 4 7 9 2 2 3 2 7 3 3 4 4
1 1 5 2 7 2 2 3 3 3 7 2 2 3 3 2 4 3 2 3
1 1 5 12 7 8 9 9 4 7 10 2 2 7 3 3 3 3 3 7 3 3 4
1 1 6 2 7 8 3 3 2 3 7 2 3 9 3 2 2 3 3 3 2 3 7 3 3 2 3 3 4 3 3 3 3 4 4 3
1 5 6 2 2 3 8 3 2 4 11 3 3 4 2 3 3 3 12 3 2 3 12 3 3 3 2 3
1 1 5 2 3 4 9 4 4 9 8 9 2 2 2 3 3 3 3 9 4 7 3 2 3 3 12 9 2 3 3 3 7 3 3 3 2 3 8 2 3
1 5 6 2 10 2 12 9 2
6 1 6 4
5 1 6 7 7 3 3
1 6 5 2 9 8 7 2 2 2 10 2 3 3 3
6 1 6 4 7 7 2 2 2 3 10 3 2
1 1 1 2 4 3 2 3 3 2 7 2 7 12
1 6 1 3 8 2 4 2 4 4 10 3 4 9
1 1 5 4 7 3 3 9 7 4 10
5 6 5 2 7 2 9 3
5 1 6 7 2 4 4 2 2 4 2 3 3 2
1 6 1 4 8 4 4 7 7 2 10
1 5 6 7 8 3 4 8 9 4 7
5 5 5 4 4 3 3 2 2 4 7 2 2 2 2 2 3 3 12 3 2 2 3 2 7 2 3 9 3 2 3 4 3 2 2
5 5 1 2 4 3 4 4 7 2 7 2 2 2 4 3 3 2 3 3 3
5 6 1 3 4 3 3 3 4 4 10 3 3 9 8 2 2 3 3
5 1 1 2 7 3 9 3 2 2 7 3 3 3 2 3 7 4 8 3 2 2
1 1 5 4 7 2 9 3 3 12 8 12 3 3 3 3 2 2 8 2 3 3 2 2 3 7 4
1 1 1 8 4 2 3 2 3 2 8 3 12 9
6 6 6 3 13 4 2 3 3 3 2 3 3 2 9 2 2 4 2
5 1 1 9 4 8 3 4 3 12 2 3 4 3 3 2 7 2 3 2 2 3 2 7 3 3 3 7 2 3
5 6 5 3 12 7 7 3 3 3 7 2 2 12 3 3 2 9 2 2 2 3 3 3 2 3 2
1 1 1 8 7 3 4 3 9 3 4 2 2
5 5 1 2 9 2 3 12 2 9 11
1 1 1 12 8 4 8 9 2 7 2 12 3 2 2 2 2 3 4 2 3 2 3 3 3 7 12 3 2 2 2 2 7
6 6 6 8 7 4 3 2 4 2 10 3 3
1 6 1 4 4 2 7
1 1 6 2 4 3 3 3 4 2 2 3 2
6 1 5 8 8 4 2 4 2 7 2 11 3 3 3 2 2 3 12 3 2
6 5 1 4 9 4 8
1 1 5 3 8 3 4 2 3 8 7 3 3 3 4 3
1 1 6 3 2 9 3
1 5 5 4 3 7 8
1 1 6 8 3 3
1 1 6 4 7 3 7 2 4 4 9 2 3 7 2 9 3 7 4
5 1 6 7 4 8 4 2 2 4 4 2 8 2
1 6 5 4 2 4 9 9 4 3 5 11 3 8 3 2 3 3 4 2 4 12 8 3 3 3 3 2 4
1 1 1 2 7 4 12 7 7 7 2 2 2 4 3 2 2 2 3 3 3 3 3
5 1 5 3 7 3 2 7 2
6 1 1 2 4 7 7 9 8 4 7 2
1 5 1 2 3 3 3 2 3 8 11
1 1 6 8 8 4 2 4 8 7 8 2 2 2 2 2 2 3 3 8 4 2 4
1 1 5 3 8
1 1 6 4 2 2 9 4 3 7 13 3 3 4 2
6 1 1 2 7 9 7 7 7 9 8 2 2 3 3 3 3 12 3 4 3 2 3 2 4 3 4 2 2 2 9 2
5 1 1 2
1 5 5 2 10 2 3 3 4 3 7 12 3 2 3 2 2 3 11 3 7 3 2 12 4
1 1 5 7 2 4 4
1 5 6 4 4 4 2 4 4 7 10 2 3 3 3 3 3
1 1 1 4 7 3 3 3 7 8 8 3 3 3 3 3 2
1 1 1 4 3 4 9 7 2 4 13 2 3 4 2 3 2 3 3 3
5 1 6 2 8 4 2 3 3 4 2 3 2 2 3
1 1 5 8 2 4 4 3 2 2 8
5 1 6 3 13 2 2 3 2
1 1 1 4 2 4 4 2 4 4 11 3 2
6 5 6 2 7 2 7 3 2 2 13 2 12 3 2 2 2 7 2 3 4 2
1 1 5 8 4 7 9 4 3 2 7 2 4 11 3 2 2
6 1 5 7 7 7 9 4 3 2 7 4 9 3
1 1 6 7 7 2 3 2 9 8 2 3 2 7 3 2 4 8 2 3 3 2 2 2 3 3 3 7 3 2 3 4 3 3 2 2 2 2 8 3 2 7 2 12 2 3 2 3 3 12 2 9 3 4 11 3 3
1 1 6 9 4 2 3 12 4 7 7
1 1 1
6 1 5 4 4 4 4 2 3 3 7 9 3
1 5 1 8 2 3 3 3 2 2 3 2 3 2 2 4
1 1 6 4 4 4 3 3 3 4 11 3 3 3 3 2 2 3 3 8 2
1 1 6 4 2
1 1 6 8 4 7 4 7 8 4 10 2
1 1 5 4 4 3 2 7 7
1 6 6 8 2 3 2
1 1 5 7 9 2 2 2 3 7 2 2 3 2
5 5 6 2 2 7 9 9 3 4 7 3 3 10 2 7
1 1 6 9 2 4 2 2 4 4 2 2 7 3
1 6 5 8 3 4
1 1 1 8 12 4 3 2 2 2 13 3 3 2 3 2 3 3 3 3 3
1 6 6 4 8 4 7
1 6 6 2 4 4 2 8 3 2 8 2 11 3 3 3 3 3 2 9 4 4 2 2 2
1 5 1 4 8 2 7
1 6 5 3 8 9 4 7 2 2 13 3 3 3 2 3 7 3 2 3 2 4 8 2 2 9 3 2 3 3 2 3 9 2
6 5 6 4 7 4
6 1 1 4 4 2
5 1 1 4 7 4 9 2 7 2 11 12 3 2
1 1 5 8 10 3
1 5 6 4 7 2 3 4 7 3 3 2 3 4 2 2 3 9 12
5 1 1 4 4
1 1 6 4 4 4 2 9 3 2 2 2 2 2 3
1 1 1 4 4 3 6 4 9 8 11
1 5 6 3 2 2 6 4 9 2 11 3 3 2 7 2 2 3
1 5 1 3 4 2 4 7 9 7 2 3 3 3 3 2 8 2 8 3 3 4 3 2 3 2 4 7 3 2 3 3 11 3 3
1 1 5 2 2 2 3 3 8 3 7
1 1 1 4 4 3 3 2 4 4 11 3 2 3 2 2 4 2 3 2 3 3 7 3 4
6 5 5 4 4 4 9 9 9 3 8 3
1 1 5 7 4 2 2 3 3 8 10 2 2
1 1 6 7 9 12 3 3 3 2 7
1 5 6 7 2
6 1 6 2 4 2 2 3 9 3 2 3 2 3
6 5 5 4 3 2 3 4 2 8 13 3 2 9 3 2 3 3 3 3 3 2 7 3 3 3
5 1 5 8 8 8 3 3 3 2 7 3 3 3 12 2 3
1 5 1 2 7 2 9 7 3 2 10 3 3
1 1 6 7 15
1 6 5 4 7 3
1 1 1 4 8 3 2 12 7 2 10 3 12 2 3 3 3 2 3 2 3 3 2 4 7 3 3 3 2 3 3 3 4 3
1 1 5 2 2 2 12 3
6 1 6 4 7 3 3 3 7 2 8 2 2 12 2 12 12 3
1 1 6 7 2 2 7
1 6 1 4 4 8 4 4 9 2 2 2
6 1 6 4 10 12 2 2 3 2 11 3 3 3
6 1 5 7 3 2 3 9 4 3 7 2 3 3
1 5 1 9 2 3 4 12 2 3 5 9 2 2 3 2 3 3 2 2 2 3 4 2 2 3
5 1 1 4 3 9 4 8 8 2 10
1 6 6 4 10 3
1 1 6
1 5 5 8
1 1 1 4 7
1 1 6 2 4 3 3 7 7 7 13 3
1 1 5 4 8 2 2 3 3 4 16 2 4 2 3
1 5 6 8 7 2 2 2 4 2 10
1 6 5 4 2 4 2 2 2 3 2 3 3 3 2 3 3 3 3 2 3 3 12
1 5 1 4 4 7 3
1 1 6 4 4 3 3
1 5 1 7 4 4 2 12 2 4 7 2 2
1 1 1 4 8 3 2 7 7 2 10 2
1 1 6 4 7 7 3 3 2 3 11 3 3 2 7 2 2
5 1 6 8 11 2 12 3 2 3 3 3 3
1 5 6 5 8 2 3 3 3 3 12
1 5 6 3 7 12 2 8 2 8 7 3 2 3 4 2 4 2 2 4 2 8
1 1 1 4 7 2 3 2 4 3 2 2 4 2 3 3 3 4 2 3
6 6 1 4 3 2 4 2 3 7 2 4
1 6 6 4 2 8 3 4 2 8 13 3 2 3 3 2 3 3
1 1 1 7 4 7 4 2 7 7 8 2 4 3 2 2 2 3 12 3 8 2 3 2 2 3 3 3 2
6 1 5 7 4 2 4 8 2 2 8 2
1 5 6 4 3 3 4 4
1 1 5 2 4 8 2 3 2 2 7 3 3 3 3 7 2
6 1 6 3 2 4 3
5 1 6 2 8 3 3
1 1 6
5 1 6 2 2 4 2
1 1 6 3 4 3 9 3 3 4 7 4 2
6 1 5 7 10 2
1 5 1 4 3 4 2 3 3 7 13 2 4 3 8 2 2 3 7 7 3 2 3 4 2 3 3 3 3 8 3 3 2 7
5 1 5 8 7 3 8 4 4 9 8 11 3 3 9 3 3 3 3 2 3 2 2 3 3 3 2
1 5 5 7 7 8 4 9
1 6 6 3 7 2 4 4 2 4 8 3 2 2 3 3 3 3 3 3 3 3 3 3 3
5 1 5 3 4
1 1 5 2 3 9 7 2 2 2 7 2 2 3 4 2 2 3 3 4 3 3 2 8 3 2 4 3 3 4 2 2 4 2 2 3 3 2 3
1 5 5 4 7 4 7 2 4 7 5 2 3 7 12 3 3 3
1 1 6 3 4 4 9 5 3 4 8 12 3 3 2 2 3 3 3 7 2 12 8 2
6 6 1 4 3 4 2 3 3 2 2 3 12 3 7 2 4 12 12
1 1 1 2 8 4 12 2 3 3 8 2 2
1 6 5 7 2 2 4
1 1 1 8 3 4 2 3 4 4 8 3 3 3 12 3 2 4 8 7
1 1 5 7 7 4 2 4 4 7 2
1 5 1 9 7
1 5 5 2 2 3 3 3 8 3 2 3 3 12 3 2 4 3 7 3
1 5 1 7 2 7 3 3
1 1 6 2 7 7 3 8 3 7 13 3 3
1 5 6 3 8
1 1 5 3 2 12 3 8 9 4 10 3 2 3 2 2 4
1 6 1 2 4 7 4 4 7 7 10 12
5 1 1 7 7 7 3 3 3 2 13 3 3
1 1 6 2 9 12 2 8 3 4 7 3 3 2 3 4 4 3
1 5 6 3 2 4 3 2 2 2 2 3 9
1 6 1 4 2 2 3 4 4 2 8 3 3 2 2 2 2 2 3 3
1 1 6 2 4 3 2 12
1 5 6 2 10 3 12 2 4 3 7 3 2 3 3 3 2 3 2 2 3
1 1 1 4 3 3 8 2 7 8 8 2 2 3 9 4 2 12 2 12 2 2 2 7 2 3 3 3 3 2
5 1 6 4 7 12 7 7 8 3 10 2 12 2
6 5 5 8 8
6 6 5 4 3 3 2 2 3 4 6 2 3 9 3 3 2 2 3 3 8 2 3
1 1 5 4 2 7 3 7 2 2 7 2 8 3 3 2 3 7 2 3 3 8 2 3 3
5 1 6 4 2 3 3 3 4 8 11 3 9
5 5 5 2 4 2 8
5 1 5 4 7 2 3 7 4 4 10 3 2 3 7 2 3 2 2
1 5 6 4 2 4 3 4 3 4 11 3 3 2 3 3 3 2 3 4
1 1 6 8 4 7 3 7 2 4 8
5 1 5 4 9 2 4 7 2 3 8 4 3 2 3 12 3 3 4 2 11 2 4 2 3
1 1 6 3 6 3 7 4 3 2 13 3 3 2 3
6 5 1 8 7 3 4 2 4 2 2 3 2 4 4 2 2 3 2 2 2 3 2 3 2 3 3 3 3
6 6 6 8 9 4 7 9
1 5 6 7 8 7 3 4 3 2 10
9 5 5 4 4 2 3
1 1 6 2 7 2 2 5 4 12 7 2
1 1 5 7 4 2 4 2 3 4 8
5 1 5 4 2 2 9 2
1 1 5 2 2 7 3
5 1 5 7 12 7 4 7 3 7 2 8 7 9
1 6 5 2 4 7
6 5 1 4 7 2 9 4 2 4 2 2 3 3 4 2 2 7 3 3
1 1 1 4 6
6 5 6 7 4 4 2 2
1 1 5 4 4 3 4 4 2 4 14 3 3
1 1 6 7 4 8 3 4 2 2 11 8 3 3 2 2 3 2 2 2
5 1 6 9 4 3 8 4 2 2 2 3
5 5 6 9 2 2 2 4
6 6 1 4 4 2 8
5 5 1
1 1 6 4 4 4 4 12 8 3 8 3 4 3
6 1 6 3
6 6 1 4 2 3 2 7 2 2 8 2 2 2 4 3 3 4 2
1 1 5 8 11 7 2 9 4 3 13 3 3 3 2 3 3 2 12 3 3 3 2 2 2 2 2 2 3 7 3 9 8 3 2 2 12 2
1 5 5 4 2 2 4 2 2 4 8 3 3 12 4 3 4 3 3 2 8 3 3 3 2 2
1 1 5 7 7 9 4
1 1 1 4 2 12 3 2 2 8 8 2
1 1 1 9 8
1 1 5 8 8
1 6 6 9 3 4 2 4 2 4 4 4 3 4 4 3 3 2 2 2 3 2 4 2 3 2 4 9 3 4 3 4 2 4 3 3 4 12 7 2 2 8 12 4 2
5 1 5 2 2 3 9 2 12
1 5 1 4 8 4 3 2 4 4 10
6 1 1 4 2 3 8 7 2 12 7 3 8
5 6 5 7 9 2 7 7 4 3 4 2 3 3 7 2
1 6 1 4 4 7 4 2 2 3 7 2 8 2 2 2 3 3
1 5 5 2 8 4 2 4 2 2 10 3 3 3 2 3
5 6 5 7 3 8 2 2 2 9 2 3 4 9 4 2 3 2 3 3
6 1 6 4 8 9 4 4 2 8 11 9 3 2
5 5 5 3 5 2 2 2 4 4 6 3 2 2 3 3 2 8 4 3 2 2 4 9 3 4 3 2 2 3 8 3 3
6 5 6
5 6 6 8 8 9
1 1 5 7 3 4 4 4 7 8 7
1 1 5 8 7 2 11 2 3 4 3 3
1 1 1 7 7 3 4 4 7 4 8 3 3 3 3
5 5 6 9 8 9 8 2 7 3 13 4 2 3 2 2 2 3 3
1 6 1 3 11 2 4 2 7 9 10 3 3 12 3
5 1 5 3 4 4 4 4
1 6 6 3 4 4 3 4 4 2 2 2 3 3 3 3 3 3 2 2 12 3 2 2
6 5 6 2 13 2 4 3 2 2
1 1 1 3 3 2 2 2 4 4 1
5 1 5 4 8 3 3 4 3 3 10 7 3 2 4 2 3 2 3 2 3 3 7 3 2 2 2 2 3 3 12 7 3 2
1 6 6 4 2 3 3 4
1 1 1 2 8 2 3 2 4
5 1 6 7 4 2 2 9 2 2 7 3 2 12 2 2 3 3 2 3 3 2 3 3
1 1 6 4 14 2 3 2 12 2 2 2 3 3 2 2 2 3 4 3 3 3 3 2 12 9 7 2 3 3 2
1 1 1 8 2 7
6 1 6 2 8 2 2 7 2 7 7 3 2 3 3 3
1 1 6 4 7 4 7 7 12 9 10 3 12
5 1 1 8 2 7 7 12 7 9 8 3 9 4 2 3 2 3
1 6 5 7 8 2 3 8 3 4 8 3 2 2 3 11 2 3 9 9
1 1 6 2 2 4 2 2
1 1 5 4 2 7 3 4 3 9 15 2 2
1 5 6 3 2 4 4 2 3 4 2 2 12
5 1 1 8 8 2 7 7 9 8 10 3
1 5 5 2 4 9 4 3 9 3 8 3 2
1 1 5 7 7 4 4 4 3 2 2 2 3 3
6 1 1 2 7 2 2 4 2 3 7 3 7 3 9
1 1 5 2 4 4 4 8 11 4 7 3 12 3 4 3 12
6 1 1 4 2 2 2 2 2 2 7 3 2 8 3 3 3 4 2 3 4 2
1 1 5 2 13 8 3 3 4 3 11 3
1 5 1 4 4 4 8 3 4 3 2 4 2 8 4 3 2 2 2 2 3 2 3
1 1 6 3 7 8 4 4 12 3 11 4 3 9 3 2 3 3 3 3
6 1 1 7 4 7 2 7 2 3 13 4 7 3
5 1 5 2 4 4 9 7 4 4 16 2 2 3 3 9 2 4 8 9 3 2
1 1 1 2 3 8 2 4 9 2 5 4 3 3 3 2 3 8 3 12 2 7 9 2 3 7 7 3 3 3 2 2 3
1 1 6 4 4 7 2 2 9 3 8 3 2 3 2 2 3 4 3 4 8 4 2 2 3 5
1 1 6 4 3 2 4 8 2
1 6 1 2 4 4 2 2 3 4 13
1 1 1 2 2 2 4 2 2 4 10 3 9 3 7 4 2 2 3
1 6 5 2 4 4 2 3 4 4 2 3 3
6 1 5 2 4 7 4 2 8 2 2 3
5 6 5 2 3 7 4 4 2 8 2 12 4 4
5 1 6 7 4 2 2 4 4
1 1 1 11 4 4 7 12 7 4 7
1 6 5 2 12 2 7
1 1 5 7 3 4 2 4 8 2 8 3 9 3 2 2 3 4 3 3 3 3 3 12 2 3 3 3 3 8 2 3 3 2 3 2
1 1 6 3 2 3 4
1 6 1 2 4
1 1 6 8
1 1 1 4 4 2 4 8 4 2 7 9 3 4 2 7 2 7 2 3 4 2
5 6 1 2 4 8 2 4 4 12 4 3 2 2 3 2 2
1 1 5 2 7 9 4 4 3 4 8 9 2 3 3 3 3 3 3 3 2
6 1 5 2 4 2 2 4 3 4 8 2 2 3 3 3 3 3 3 3 10 2 8 3 3 3 2
5 1 1 2 2 4 2 2 2 9 13 4 2 3 3 3 3 3 2 2 3 8 2 3
6 1 6 4 3 3 7 8
5 1 6 7 8 2 4 9 2 2 13 2 7 2 3 7 7 3
1 6 5 2 10
5 1 1 4 8 4 4 4 3 3 11 3 3 2 3 2 3 3 2 3 3 2 7 3 3 3 3 12 3 3 2 9 7 2
1 1 5 7 7 7 3 2 3 2 8 2 11 3 4 3 4 2 2 2 3 3 9 2
1 1 6
5 6 6 4 4 2 2 7
1 6 5 4 8 2 2 2 3 4 10 3 5 4 3 3
1 5 5 8 4 4 4 7 5 2 3
1 1 6 2 2 7 3 4
6 6 6 3 4 4 2 15 4 2 10 3 3
6 1 6 8 8 2 8 2 3 7 2 2 2 12 3 2 2 12 2 3 2 8 2 3 4 3
5 1 1 2
1 1 1 3 2 3 8 4 2 7 11 3 2 12 3
1 5 6 2 8 8 4 3 3 2 11
1 1 1 4 4 3 2 4 4
1 6 7 9 8
1 1 6 7 7 9 4 3 4 7 7 3 2 3 3
5 1 6 7 2 4 3 2 4 4 2 2 3 3
1 6 1 12 4 3 4 4 2 2 8
6 1 5 7 4 12 3 2 7 2 7 4 7 3 3
1 1 6 4 4 4 2 2 8 3 2 3 3 3 4
1 5 6 8 4 2 4 3 3
1 1 5 9 9 4 2 12 3 4 10 3 3 7 2 3 3 3 3 2 4 4 3
1 5 6 4 2 8 3 4 3 7 7 2 3 2 3
1 1 5 3 2 3 7 4 4 2 7 7 7 3 2 2 3 2 3 3 4 3 3 2 2 2 3 3 4 3 2 2 2 3 3 3
6 1 5 8 7 4 3 8 4 3 8 3 3 3 3 7
1 1 5 7 2 4 2 3 2 3 9 2 3 2 2 9 2 3 4 3 3 3 3 8 4 2 3 8 2 2 9 7 2 2
5 5 6 8 4 8 2 2 4 2 15 2
1 5 6 7 4 2 3 12 7 4 8 2 4
5 1 6 8 2 4 3 4 2
1 1 6 2 7 7 7 4 12 9 8 9 7 3 12 2 3 3 3 14 3 8 2
1 1 1 3 3 4
1 1 5 4 4 7 4 8 2 4 2 2 2 3 3 7 4 3 2 12 3 2 9 3 3 8 2 2 2 4 3 3 2 4
1 1 6 2 3 4 2 7 9 7 2 2 3 3 3 3 2 7 4 3 4
1 6 5 2 5 2 9 4 2 8 11 2 2 3 2 2 3 3 2
6 1 5 4 3 4
1 6 1 4 2 4 2 7 10 4 2 3 2
1 1 5 6 2 4 4 2 8 7 16 3
1 1 6 4 7 7 8 12 3 2 2 3 3
1 1 1 3 4 8 2 3 4 2 10
5 6 5 3 2 2 3 2
1 5 6 8 7 3 3 3 3
1 1 5 3 2 2 3 12 7 2 3
5 6 1 12 4 4 2 4 12 7 10 3
1 5 5 9 3 4 12 4 4 2 2 11 4 12 3 2 3
6 1 6 8 4 7 2 2 2 2 8 9 7 3 12 2 4
6 1 1 8 8 2 3 4 8 3 2 2 3 9 3 3
1 1 1 12 7 7 4
1 1 6 4 2 3 3 7 2 4 4 3
5 1 5 7 7 7 8 3 8 2 2 9
1 1 6 4 2 2 4 3
1 1 1 3 8
5 6 6 4
1 1 5 4 2
1 1 1 2 2
5 6 6 3 9 4 2 2 3 8 7 3 3
1 1 1 8 4 4 9 2 4 9 4 4 3 2 2 3
1 5 5 2 3 4 4 3 2 2 8 4 2 4 2 2 2 2
5 6 5 4 2 2 4 7 2 7 10
5 6 5 4 2 8 9
1 1 6 7 10 12 3 3 3 4 10 2 3 3 3 2 2 9 2
1 5 6 2 4 2 3 2 7 8 2 3 3 2 3 3 2 4 3 2 2 3
1 5 5 3 4 3 2 4 2 7 2 3 12
1 1 1 4 2 7 7 7 4 3 8 3 3 2 9 3 9 3 2 4 3
1 1 5 4 13
1 1 6 7 4 4 4 12 7 2 6 7 2 2 3 3 2 8 2 4 2 2
1 5 5 4 4 2 3 2
1 1 6 7 8 2 12 3 3 3 13
6 5 5 9 4 7 7 8 3 4 8 3 3 3 3 2 3 4 2 3 12 12 2 3 3 3 8
1 1 6 4 7 3 3 4
5 1 1
1 1 6 3 4 2 7
5 6 5 3 2 7 8 2 4
6 1 1 3 7 2 3 12 9 7 11 3 4 2 4 2 2 3 3 3 3 3 3 3 7 8 8 3 3 3 3 2 3 2 2 7 2 3 3 3 9 9 3 4 7
6 1 1 7 8 2 4
5 6 6 4 4 8 3 4 3 9 10 2 3 3 2 2 7 3 2 12 3 3 2 3
1 1 1
1 6 6 4 2 4 3 9
1 5 6 7 3 2 3 2 2 3 7 2 3 2 7 3 3 3 7 3 2
1 1 6 4 2 4 12 3 8 7 11 3 12 4 2 3 3 3 4 3 4 2 2 2 9
1 6 6 4 9 3 7 4 2 2 2 2 2 7 3 3 3 2 2
1 6 5 9 12
6 5 6 8 7 4 2 4 2 4 7 2 2 3
6 1 6 2 7 3 2 2 3
5 1 1 2 2 8 3 4 3 3 2 3 3 3
5 5 1 8 7 4 9 12 7 4 10 2 3
1 1 1 4 4 2 4 9 2 4 8 3
1 1 6 12 11 4 3 2
1 5 5 7 7 2 7 2 7 2 11 12 9 3 2 2 2
1 1 5 2 4 2 3 2 2 4 10 4 3 3 4 2 7 2 3 3 3 12 2 12 2 9 2 3 3 4 2 2 3 3 3 2 9 9 3 3 9 9 3
6 5 1 8 2 2 8 3 4 3 2 4 2 2 3 4 2 2 3 2
1 5 5 4 10 2 2 3 2 3 8 2 4 2 3 2 3 2 8 3 2 2 3 2 4 3
5 6 1 4 2 4 4 3 7 4 7 12
1 1 1 3 3 3 2 10 2 7 8 3 12 3 9 2 3 3 3 3
6 6 6 7 4 4 2 2 3 2 10 3 3 2 4 3 2 2 9 3 3 2 8
1 5 6 4 3 7 2 3 2 8 11 9 2 2 2 4 3 2 2 3 3 8
1 1 6 8 4 4 2 8
1 1 6 4 4 7 3 2 7 2 2 9
1 1 1 2 7 3 8 8 12 2 8 2
1 1 1 8 4 4 7 4 4 3 10 4 3 3 2 3 3 3 3 2 3 2 2 3 4 3 2 2 3 2 2 3 3 2 3 3 9 12 3 2 2 3 9 3 3 4
1 6 5 7 4 2 2 7 3 7 7 2 3 12 2
1 1 1 4 2 9 4 4 4 2 7 2 2 3 2 2 3 3 2 3 2 2 2 3 4 3 2 3 2 3 9 3 3 3
1 1 6 4 2 7 8 2 9 7 8
1 6 5 4 4 2
5 1 6 7 10 3 12 4 3 7 11 2 2
6 5 1 8 2 4 2 8 7 7 2 2 3 3
1 6 6 3 2 8 2 3 2 7 10 3 3 7 3 3 3 2 3 3
1 1 1 2 4 3 2 8 2 4 8 2 3 3 2 3 2 2 3 3 3 8 3 4 2 2 3 2 3 3 2 3 2 9
1 1 6 7 8 4 2 4 12
1 1 1 4 4
1 5 1 2 2 7 9
6 1 5 8 4 7 9 8 8 7 11 2 3 7 2 2 4 2 2 2 3 4 2 3
6 6 1 2 2 8 2 7 3 4 10 3 2 3 12 2 3 4 3 4 3
1 5 5 9 4 4 2 2 2 3 10 10 8 2
1 1 5 3 2 2 3 12 4 7 7 2 12 2 2 4 12 3 3 3 12 4 2 4 2 2 3 2 3 4 3 3 3 2 3 4 3
1 1 1 2 4 4 3 8 8 8 10 3 9 3 2 2 2 2 4 12
1 1 5 7 2 8 2
1 1 5 2 8
5 6 5 4 7 7 2 4 4 3 10 2 3
5 6 5 9 3 4
1 6 6 12 13 3 9 2 2 2 7 2 12 3 7 2 2 2 8 2 3
1 1 1 12 3 9 2 2 3 3 14 3 3 3 2 2
5 1 1 8 4 4 4 4 4 4 2 9 9 7 9 3 4 3 2 2 2 3 3 4 3 3 3 3 2
5 1 1 2 7 4 7
6 1 5 4 2 3 3 4 4 4 8 2 4 4 2 4 3 4
1 1 6 3 4 2 7 9 12 2 8
1 1 6 4 4 4 3 2 4 7 11 4 3 3 2 3 3 2 2 3
5 5 6 7 11 3 3 7 2 3 8 2 2
6 1 1 4 2 2 8 4 2 2 7 2 2
1 1 1 3 8 4 9 4 3 3 10 3 3 2 3 2 3 2 2 2 2
5 6 6 3 4 2 2 4 2 4 10 12
1 1 6 12 4 8 7 7 2 2 8 3
6 1 1 9 4 4 4 2 3 7 3 2 3 3 2 3 3 3 3 2 3
1 1 6 4 7 2 3 9 2 8 10 3
5 1 1 8 3 4 4 8 9 2 13 3 3
6 6 5 4 3 2 7 3 4 4 8 2 3 4 3 2 2 3 3 3 3
5 1 5 4 8 9 2 3 3 4 2 2 3 3 3 3 3 3 4
5 6 5 2 9 2 3 2 3 2 3 3 2 8 12 2 7 4 2 12 2 4 2 2 2 4 2 2 7 7 2 4
1 5 6 4 7 2 3 4 2 4 7 2 2 4 3 2 2 3 9
1 1 5 4 7 7 2 3 4 8 11 2 2 9 2 4 3
6 6 6 7 11 3
1 5 5 9 2 2 4 4 4 3 4 2 3 2 2 8 3 4
1 1 5 12 8 3
6 1 1 4 2 7 3
1 5 5 7 15 3 2 9 2 7 13 2
1 1 5 4 4 8 3 7 3 3 10
1 1 6 2 2 4 4 3 4 8 8 9
5 1 6 7 8 2 3
1 6 6 4 8 4 2 2
5 5 1 4 3 4 2 4 3 3 13
5 1 5 12 2 2 4 8 2 8 2 3 4 2 9 3 2
1 1 1 4 3 7 4 12 2 4 8 3 2 2 3 4 3 3 3 2 3 3
5 1 1 8 8 2 4 4 7 3 2 7 3 3 3 12 7 3 2 4 3 2 2 2 3 3 3 12 9 3 3 3 3 3 4
1 1 6 3 2 3 4 2 2 2 14 3 2 2 3 3 2 2 3
1 5 6 12 3 2 4 2 3 3 7 7 9 3 3 2 2 3 2 8 4 3 3
1 6 6 9 4 4 7 9 4 4 11 2 3 3 3 2
1 1 6 4 9 2 4 2 7 4 13 2 3 2 4 3 4 2 2 2 3 3 3 4 2 2 2 2 4 3
1 5 6 8 4 12 4 7 3 2 8 3 2 2 2
1 1 6 4 4 2 4 4 8 2 7 3
1 1 1 7 7 4 8 9 4 9 7 3 2 3 3 2 3 3 2 3 3 3 3 3 8 3 2 3 3 2 7 3 3 3 3 3
6 1 5 4 4 7 7 4 4 2 10 3 3 4 8 3
1 1 1 4 2 4 9 3 4 8 10 9 3 2 3 2 3 2 3
5 5 6 3 9 2 2 3 3 8 10 3 3 3 3
1 1 6 8 8 3 3 3 9 2 4 3 3 3 3 9 3 4 3 2 3 3 4 3 2 3
5 1 6 7 7 2 4 4 3 8 7 3
1 1 6 3 3 4 2 8 4 2 7 2 2 9 3 7 7 2 9 3 3 3 7 3
1 5 1
1 1 5 4 2 4 4 3 7 3 2 2 4
1 1 6 2 4 7 9
1 5 6 3 7 2 7 2 4 3 13 8 3 3 2 8 2 3 3 12 3 7 2 2
1 1 5 7 7 2 4 3 3 3 8 3 3 3 3 4 3 3 3 9 3 2 8 3 2 2 10 2 12
1 5 6 4 4 4 7 2
1 6 1 4 2 9 7 4 4 6 11 3 3 3 3 3 2 3 7 4 3
5 1 9 4 2 2 4 3 2 3 7 8 3 2 3 2 2 3 2
5 1 5 2 4 3
1 1 6 4 2 4 2 2 2 2 7 3 2 8 12 3 3 2 3 4
5 6 6 2 8 8 3 7 3
1 1 1 2 2 2 2 2 4 3 2
5 1 5 2 10 4 4 8 2 2 16 3 3 3
1 6 5 4 2 4 2 7 3 3 13 7 12 2 3 3 2 2
6 1 5 8 4 2 7 4 2 7 10 3 2
1 1 6 3 4 2 2 7 3 12 7 7 3 3 3 2 3 3 4 3 3 3 3 3
5 6 6 7 2 4
6 1 5 2 4 2 3 2 2 3 2 9 2 7
1 1 6 7 2 3 3 3 2 2 14 3 3 3 2 3 2
1 1 5 9 7 4 3 3 2 2 8 3 3
6 1 5 7 3 12 2 12 12 4 8 2
6 6 5 7 4 4 8 3 7 2 8 2 3 2 3 9
1 1 1 2 4 9 7 4 4 4 8
1 6 5 2 7 4
6 1 6 4 9 8 8 3 3 7 11 2 7 3 9
5 1 1 3 4 8 7 2 3 3 2 2 7 7 3 3 9 3 3 3 2 3 3 2 3
1 1 5 4 8 8 7 4 7 10 11 10 3 3 4 12 7 4 12 3 9 8
5 6 5 3 8 3 3 4 3 2 2 2 3
1 1 5 4 7 2
5 5 6 3 3 3 12 2 2 8 2 2 7 2 2 3 4 3 3
5 1 5 2 2 7 4 2 4 2 10 3 2 3 2 12 2 3 3
1 1 5 4 2
1 5 6 9 7 7 2 3 2 4 10 2 2 2
1 1 5 3 2 3 9 4 4 2 11 2 3
6 1 1 4
6 5 6 8 7 3 2 4 9 2 11 3 3 2 3 2 3 2 2 4 3
1 5 5 2 4 3 2 2
1 1 1 8 8 9 4 3 7 7 8 2
1 1 5 2 10 3 2
5 5 1 4 4 3 8 7
1 1 2 3 10 7
1 1 1 6 4 3 4 4 3 2 4 3 2 3
1 1 6 4 3 3 4 6 3 4 6 3 3 3
6 1 5 3 3 3 7 8 2 2 7 8 2 2 8 2 2 2 2 3 2 12 7 3 3
5 1 1 7 7 4 8 2 2 4 13 3 3
1 1 6 3 8 4 2 9 4 8 13 2 7 3 2 2 3 7 3
6 5 1 8 4 4 2 12 4 3 8 8
1 1 6 3 3 4 2 4 7 9 2 9 2 8 8 2 7 8 3 3 3 7 2 4
1 1 6 3 7 12 4 4 2
5 5 6 7 7 3 3 3 2 3 10 2 2 2 2 2 3
1 1 6 4 7 4
1 1 6 4 8 9 2 2 2 7 8 3 3 2 8 4 3
1 5 1 2 7 3 7 8 2 2 8 2 2 3 3
5 1 6 2 3 2 2 4 4 3 7 2 3 3 3 3 3 3 2 2 3 2 4 2 2 3 9 12 4 3 3 2 3 3 3 3 4 3 3 7
6 5 1 7 7 4 2 8 4 2 2 3 3 2 2 2 2 3 3 3 3 3 2 3 3 3
6 1 5 7 7 4 4 2 4 3 2 3 3 3 2 3 2 2 2 3 2 3 12 2 2 3 7 3 3 3 4 2 3 2 7
1 1 5 2 2 4 2 7 2 2 2
1 1 1 3
5 5 1 7 2 3 3 2 4 2 8
1 1 5 4 2 3 3 3 2 2 8 2 2 3 9 10 9
5 5 5 3 3 3 2 3 3 3 2 2 3 3 4 3 3 3 4 2 2 2
1 1 6 4 3 7 8 9 2 2 7 3 2 3 3 7 4 3
6 1 1 4 9 3 7 3 2 3 5 7 2
1 1 6 12 4 9 2 12 2
1 1 1 4 4 2 3 2 2 8 8 4 3 3
5 1 5 2 12 3 4 2 2 2 11 3 3 2 12 2 2
1 5 6 2 4 8 4 4 14 2 2 3
5 5 1 9 8 4 2 4 3 2 14
1 6 6 4 4 8 3 2 4 2 11
1 1 5 7 7 4 3 12 3 9 8 4 8 4 4 2 2
1 1 5 8 2
1 1 6 3 7 7 3 2 8 9 2 3 2 3 3
1 5 6 4 2 2 2 7
6 1 5 3 2 3 4 4 3 3 8 2 11 4 12 3 4 3
5 5 6 3 7 7 11 3 3 8 10 2
6 6 1 2 11 4 4 2 2 2 8 3 9 3 4 2 3 2 2 3 3 2 3 3 3 3
1 5 5 4 4 3 7 3 2 2 2 2 3 3 3 4 2 3 2 8 12
6 1 1 8 3 4 3
1 1 5 9 9 4 3 8 2 3 10 3 4
5 1 6 4 4 3 3 2 5 2 13 2 3 3
1 1 1 3 4 4 9 4 2 7 7 3
1 1 6 4 4 3 2 2 4 2 2 3 3
1 1 6 4 4 4
1 5 6 8 2 4 4 8 3 2 7 2 3 2 12
1 5 4 7 7 4 2 4 4 2 3 3 3 2 3 3 4 9 4 8 2 2 4 3 3 2 3 3 4 2 12 8 2 4 2 12 3
1 5 5 9 7 2 2 7 7 7 7
6 1 6 3 13 2 3 8 7 12 8 7 7 2 2 3 2
1 1 1 4 7 8 8 2 4 2 10 3 2 2 3 12 2 2 3 3 3 3 3 2 4 3 11 12 3 2 3 3 2 7 3 3 3 3 2 3 2 2 2 3 3 4 2 3 3 7
1 1 5 7 7 3
1 1 1 8 3 4 4 2 4 9 7 2
5 1 5 4 2 7 3 7 2 9 13 4
5 1 6 7 7 3 2 2 3 8 11 2 2 2 12 4 4
6 6 6 4 12 3 4 2 4
1 5 6 7 4 2 12 3 4 7 2 2 3 2
1 1 5 4 2 4
1 5 6 4 2 3 9 4 4 4 7 3 9 8 3 4 3 3 2 7 8 3 3 12 9 2 3 2 3 9 2 3 3 3
1 6 5 4 11 3 3 2 4 2 2
1 1 1
1 5 6 4 3 8 3 3 2 3 8 12 7 3 3 2 2 3 3 3 2
6 1 5 3 4 2 3 3 4 3 3 8 3 2 9 4
1 1 1 7 4 2 2 3 7 3 10 3 2 3 2 3 3 2 3 2 7 9 3
1 5 1 8 4 4 8 7 12 4 8 3 2 3
1 1 4
6 1 5 7 2 3 2 4 2 4 2 3 7 2 12 3 3 12 9
1 5 6 4 9 7 8 4 2 4 13 3 4 2 2 3 3
1 1 6 7 3 2 2 3 2 3 2 3 8 3 4 2 3 4 4 2 8 9 4 7 2 9 3 2 4
1 1 6 4
1 1 5 7 2 4 7 9
1 5 5 7 4 3 4 4 3 2 2
5 1 5 4 4 4 9 4 9 2 8 3 2 3 9 3 2 3 2
1 5 5 4 4 4 4 4 2 7 8 2 9 2 3
1 1 6 4 7 10 2 3
1 1 5 2 2 4 2 7 4 2 1 2 3 2
1 1 9 7 2 3 2 3 3 3 8 4 3 3 3 3 2 4 4 8 3 2
1 1 6 5 4 3 4 3 2 2 2 2
1 5 5 8 3 2 7
6 6 5 8 4 4 2 8
1 6 6 3 7 3 2 2 4 3 10 7
1 1 1 4 11 3 4 8 4 4 2 2
6 5 5 4 4 4 4 9 4
5 5 6 4 9 4 7 8 8 4 2 3 2 12 3 3 4 3 10 12
6 5 1 4 9 8 4 4 7 4 13
1 1 5 4 7 12 3 8 8 8 8 2
6 1 1 4 8 4 8 9
1 1 6 4 2 2 3 12 2 2 4 3 3 3 4 3 3
1 5 5 2 7 2 3 4
5 1 5 12 2 4 12 3 2 3 8
1 6 1 4 2 8 7 3 4 8 2 3 3 4 3 2 9 2 3 3 2 2 4 3 3 8 2 3 9 3 3 3 12 3 3 3 3 3 2 3 3 3 2 4
1 6 6 4 3 4 4
1 1 6 4 7 7
1 1 5 2 2 12 12 12 3 3 8 12 2 4 7 9
1 5 1 2 8
1 1 1 7 8 4 2 2
6 1 6 3 2 4 7 8 7 3 2 2 2 3 8 3 3 3 3 3 9 3
6 6 6 2 7 9 3
5 1 5 4 12 4 3 3 4 7 7 2
5 5 6 4 4 3 2 4 4 2 2 3 3 3 3 2
5 1 2 2 7 4
5 5 1 4 4 4 3 4 3 7 11 2 9 3 2 4 3 2 3 3 7 2 2 2 3 2 3 10 2 3 3 9 8
6 1 6 4 4 4 4 2 2 2 8 2 2 3 3 3 3 3 2 2 2 3 9
6 6 5 7 2 3 7 3 12 2 10 2
1 1 6 7 7
6 1 1 7 7 7 2 3 3 11 13 12 4 3
5 1 1 8 8 2 7 3 2 4 2 8 3 9 2 3
1 5 6 4 4
5 5 5 9
5 1 5 2 2 12 2 3 3 3 11 2 2 3
1 1 5 7 2 9 2 2 2 4 8 3 2 2 2 2 7 2 2 7 3 4 4 7 7 4 3 2 4 3
5 1 5 2 8 3 2 4 2 3 10 3 3 8
1 1 5 2 2 3 4 2 3 9 10 3 9 3 3 3 3 2 3 4 4 3 3 3 3 2
1 1 5 3 4 4 2 3 8 9 11 3 12 4 3 3 3 3 3 3 3
1 6 5 4 2 2 6 8 2 8 14 2 3 2 3 2 3
1 1 6 4 8 3 4 4 8 8 7 2 3 3 9 3 3 3 3 3 2 4 4
5 1 5 8 4 7 3 4 3 4 7 12 2 3 2 4 2 4
1 1 1 4 7 12 7 9 3 4 13
1 1 1 2 3 4 4 7 3 2 10 3 4 8 3 2
5 6 6 3 7 4 4 7 9 8 14 3 12 2 3 8 4 2 3 7 4 3 2 3
5 5 5 2 8 3
1 6 6 2 7 4 4 2 12 3 7 4 3
5 1 1 2 3 2 2 4 3 3 2 2 2 2 2 3
1 5 1 2 4 3 3 4 2 3 10 2 2 2 7 4 3 3 2
1 1 1
5 6 5 2 7 7 8 2 3 7 7 4 4 4 3 2 3 3 3 9 2
1 1 5 2 3 2 2 3 2 3 8 3 3 4 2 3 2 3
1 5 6 3 7 2 2 2 3 4 3 2 2 8 4 8 2 9 3 3 4 2 4 2 3 7 4 8 3
1 1 1 7 7 4 2 3
1 6 5 2 4 8 2 2 3 9 7 2 2 3 3 4 2
1 6 6 4 16 3 2 3 12 3 7 4 12
5 5 1 7 4 4 2 2 4 2 8 3 3 2 3 2 7
1 1 1 7 7 4
5 1 6 4 2 2 4 4 2 3 8 2 3 2 3 3 2 12 3 2 3 4 3 8 3
5 1 6 2 8 4 3 2 3 2 8 2 8 2 3 2 2 2 3 4 3 9 3 3 3
5 1 1 7 2 7 3 2 4 4 2 3 2 3 2 3 9 3 3 3
1 1 6 4 2 2
1 1 5 4 7 3 3 9 2 2 2 2
1 5 6 2 2 3 7 4 4 2 11 3 2 2
1 1 6 10 4 4
5 5 4 3 12 4 3 2 4 3 7 3 2 7 7 3 3 4 8 3 4 3 2 3 2 4 8 3 7 4 4 2
1 1 5 2 7 2 2 3
1 1 6 3 2 3 3 2 7 2 3 4 9 4 4
6 1 5 8 7 3 3 9 3 2 2 3 3 2 3 3 2 2 3 2 3 3 3 2
1 1 5 3 7 2 4 4 2 2 2
1 1 6 3 4 7 9 4 4 8 11 3 3 2 4 2
1 5 5 2 9 9 3 7 2 3 10 3 7 7 2
1 1 1 8 4 8 7 4 4 2 2
5 1 1 7 4 4 9 3 3 2 10 3 8 3 2 2 3 3 3 2
5 1 5 4 4 4 2 7 4 4 8 3 3 7 7 3 12 2 3 3 3 2 3
5 5 6 4 8 3 2
1 1 1 7 8 2 2 2 8 7 8 3 2 3 9 2 3 3 3 2 3 3 3 3 3 3 9 3 2
1 6 6 2 8 4 2 3 3 3 2 2 3 3 12 2
1 1 6 4 4 3 9 2 8 8 10 3
1 1 6 8 4 9 7 2 7 4 11 3
1 1 6 8 7 2 3 7 8 3 2 3 12 3 2 2
1 1 5 7 2 3 3 2 3 2 2 4 3 3
1 1 5 12 2 3 3 7 3 8 10 3 3 2 3 2 2 3 3 3 3 3 3 3 9 2 2 3 7 7 12 3
6 6 1 7 7 3 7 4 2 4 8
5 5 6 8 7 12 8 3 9 4 4 2 12 2 3 3 8 3 3
1 1 6 7 4 8
1 1 1 7 4 4 4 7 7 2 10 2 2 3 2 3 3 3 12 2 3 2 4 3 12 2 2 2 7 2 3 3
1 6 1 2 3 2 4 4 8 3 8 3 2 4 2 2 2 2 4 3 3
6 1 6 2 7 9
1 5 6 4 7 2 3 2 2
5 1 5 4 12 2 2
1 1 1 7 13 3 3 3 7 2 7 4 2 2 8 2 3 2 8 3 3
5 5 5 4 7 2 12 4 4 4 2 3 2
1 1 5 4 2 2 3 4 4 3 7 3 2 3 3 2 3 2 2 3 2 3 8
1 1 5 4 11 8 2 3 3 8 7 2 7 2 8
5 6 6 7 8 2 4 7 2 3 11 2 2 4 4 2 2 3 3 9 3 3 7 2
1 1 6 2 4 4 4 4 3 7 5 3 3 4 3
1 1 6 3 2 3 12 4 4 3 2 4 4 3 3 12 2 2 2 3 4 3 3 2 2
1 6 6
6 5 5 2 2 12
1 5 6 4
5 1 1 4 3 3 2 8 4 2 10 3 7 4 4 3 3 4 3 3 2 3 2 3 2 3 2 4 3 4 3 3 3 2 3 2 3 3 9
6 6 1 8 3 4 2 3 4 4 2 3 3 3
6 1 1 7 7 8 2 9 3 4 9 3 3 3 3 2 3 3 3
5 1 8 2 4 9 4 4 7 3 3 7 3 2 4 9 2 2 3
1 1 6 4 4 2
1 5 1 4 4 8 3 10 2 3 8 3 9 8 2
5 6 1 2 3 2 9 2 3 4 11 2 3 3 3 3 3 2 7
5 1 5 4 4 3 3 3 12 2 8 2 2 3 3 3 9 3 2 2 2 2 2 3
6 6 6 4 8 4 4 2 4 4 8 3 3 3 2 3 2 2 3 12 3 3 3 2
1 1 6 2 2 2 3 4 3 3 10 2 3 3 3 3 2
5 1 1 7 7 3 4 3 3 7 11 3 7
1 1 1 7 4 2 4 9 2 2 10 3 2 3 3 8 2 3 2 2 3
1 5 6 2 4 3 8 2 2 8 11 4 3 2 2 3 8 12 12 12
1 1 5 7 4 3 3 4 4 4 10 8 2 2
1 1 5 2 4 3 12 3 3 3 3 2 3
5 1 1 7 7 3 7 12 7 2 8 8 2 2 3 2 2
1 1 7 7 10 3 2 4 2 3 10 7
1 1 6 7 2 3 3 2 2 9 8 9 2 4 2 12 9 3 9 2 7 9 4 9 4 7 3 2 9 2 4 2 3
1 6 6 7 4 7 7 12 2 2 10 3 3 2 3 2 3 4 2 2 2 7 9 2 3 9 12 7 4 2 3 3 2 9 3 3 7 3 3 3 9 2 3 3 3 3 2 2
5 6 5 4 7 4 8 8 7 4 2 3 3 3
1 5 6 4 7 2 2 2 3 7 2 3 2 3 2 4 2 2 3 2 2 3 3 2 9 2 8 3 3 4 3 2 4 3 4 3 3 2
1 1 6 4 2 2 4 3 2 4 10
1 5 5 7 3 4 8 3 4 7 7 3 9 2
1 5 6 3 4 4 2 3 2 9 13 3 2 3 2
5 1 6 3 4 3 2
1 1 5 4 3 4 2 3 2 4 8 2 3 3 4 3
1 1 6 2 4 4 12 2
6 6 1 8 4 4 7 4 3 2 7
1 1 1 4 11 2
1 6 5 2 4 4 2 2
1 6 5 2 4 3 2 2 3 2 8
5 5 5 2 4 7 7 3 2 2 7 3
1 6 5 8 4 4 2 4 4 4 8 3 3 3 4 7 2 3 3
1 5 6 3 4 4 3 3 8 7 10 3 3 2
5 1 6 4 4 4 7 2 2 2 2 3 4 2 2 2 3
1 5 6 4 4 2 7 4 4 4 11
1 1 6 7 7 12 4 3 2 7 10 3 4 3 3 3 3 3 12
5 1 6 8 2 3 9 3 2 3 2 3 4 2 7 2 2 2 4 2 2
5 1 6 4 4 3 12 3 3 4 8 3 3 3 3 2 3 3 2 3 3 4 3 2 2 4 2 2 3 2 2 3 2
1 1 6 8 7 2 2
6 6 5 4 4 7 2 4 2 7 13
1 1 6 2 7
1 6 6 4 4 4 8 4 4 4 13 2 7
1 6 6 4 8 4 2 4 2 3 8 3 3 12 3 2
1 1 1 2 4 7 4 12 2 9 8 3 3 2 4 3 3 2 9
1 5 1 8 9 2 3 2 2 4 7 3 2
1 6 6 3 8 2 7 9 2 2 2 7 3 3 3 2 2 2 2 2 3 3 4 12 4 3
6 1 1 8 8 2 3 3 2 7 13 3 3 2 3 2 2 4 2 2 3 3 2 2
1 5 6 3 3 8
6 6 6 7 4 2 4 9 4 3 8 3 3 3 2 3 3 12 3 2 3 7 2 3 3 2 3 2 7 4 2 3 2 4
1 1 1 3 2 4 4 8 4 3 8 3 2 3 3 3 3 12 3
1 5 1 4 2 8 9 8 9 4 13 3 2 3 3 3 3
1 1 6 7 4 3 4 3 2 3 13 2 2 3 2 8 2 3 3 2 12 4 2 3 3
5 1 12 2 2 3 3 7 4 3 10 3
1 5 6 4 7 12 3 4 2 3 2 3 3 3 3 3 2 2 3
5 5 6 4 4 8 2 2 2 4 7 2 2 2
1 1 5 7 8 3 8 2 8 2 7 3 4 3 9 2 3 2 12 2 3 3 2 2 3 2
1 5 1 3 4 4 12 2 2 2 2 3 3
1 5 6 3 4 3 12 2 9 4 2 7 3 2 2 2 3
1 1 6 8 8 8 3
5 1 1 4 8
1 6 6 8 3
5 1 1 3 4 2 2 4 8 4 10 3 2 4 4 3 3 3 3 3
5 1 1 4 4 7
1 6 6 2 8 4 7 8 3 2 8 3 3 3 2
1 6 6 3 8 3
1 1 5 3 4 4 3 4 12 7 8 2 2 3 2 2 12 7 3 2 2 2 2 2 3 3 3 2 2
1 5 5 4 3 3 4 3 4 2 8 3
1 1 9 7 11 3
1 1 5 3 4 3 2 3 4 4 10 3 2 2 11 3 2 3
1 1 5 3 4 4 2 11 3 3 10 4 3 2 2 3
1 6 5 2 7 3 2 2 3 8 7 2 4 3 3 3 3 12 2 2 3 3 2 2 3
1 1 5 9 4 2 4 7 3 3 2 2 2 3 3 2 8 3 3
1 6 6 2 8 3 3 2 2 2 11
5 5 6 4 2 4 4
1 6 6
6 6 1 7 10
1 1 6 7 4 2 3 4 2 9 8 3
1 5 6 7 4 8 9 2 7 4 2 8 2 4 3 3 7 3 4 2 3
1 5 6 3 9
6 1 1 2 4 4 3 3 3 2 8 2 12 3 3
1 5 6 2 16 3 4 2 2 4 8 3 3 2 3 4 3 3 7 4 2 2 12 3 2 3 2 8 9 2 4 3 3 3
1 1 1 8 4 4 3 9 2 3 11 2 4 2
6 5 6 4 7 3 3 2 2 3 13 3 3
6 1 1 4 7 2 7 4 4 7 8 8 7 2 3 2 2 3 4 2 3 3 3 3 3 3 2 3 3 2 3 3
1 5 5 4 8 2 7 2
6 1 6 12 7 4 4 2 7 10 8 2 3 7 8
1 5 6 8 8 2 7 7 2 2 8 2 3 3 7 4 2 3 3 3 12 3 2 3 3 2 3
1 1 1 7 3 4 7 2 4 4 11 4 2 2 3 3
1 1 5 7 3 2 2 3 4 8 10 2
6 1 1 7 8 2 3 9 8 4 2 3 3 3 3 7 3 3 2
1 1 5 7 9 2 3 2 4
1 1 5 4 8 4
1 1 6 4 4 7 3 3 3 4 2 3 2 3 3 3 2 3 3 3 2 3 4
1 6 5 8 4 2 4 4 2 3 14 4 3
1 5 6 4 2 2 3 4 8 2 2 3 2 2 4 2 3
1 5 6 2 2 4 2 4 4 2 2 3 3 3 4 2 2 2 2 3 3 4 4 3 2 2
5 1 1 8 2 2 7 2 8 7 2 3 3 3
6 5 1 3 7 2 4 4 2 2 7 3 3 3 3 3 3 2 3 8 3 3 3
1 1 1 3 4 2 8 3 7 2 7 3 3 9 2
6 1 5 3 7 2 9 2 2 3 7 3 3 7 2 7 3 3 8 3 3 2 3 4 3 12 3 3 2 7 3 3 9 3 9
6 1 6
6 1 6 8 9 2 2 4
5 6 6 7 2 8 2 3 2
1 1 4 3 3 4 3
1 6 6 4 4 7
6 5 5 7 8 2 4 12 7 2 13
1 6 6 8 3 9 4 3 3 4 13 3 2 3 7 2 3 3 2 3 3 3 3 3 3 2
1 1 1 2 4 2 3
1 1 1 4 7 3 2 3 8 7 7 2 3
1 6 5 4 2 4 2 3 2 2 2 2 2 12 2
1 1 1 2 7 3 9 8 4 4 8 4 3 3
1 1 6 7 3 4 4 8 8 4 2 7 3 3 4 2 8 3 3 4 10 2 2 4 3 2 2 3 2 3 9
6 1 5 3 8 3 9 3 3 3 2 2 2 2 3
1 1 1 3 2 4 4 4 4 8 10 2 3 3 2 3 3 7 3
1 6 5 2 3 8 2 4 3 2 14 10 3
5 1 5 4 4 3 4 4 4 2 10 3 2 2 3 3 2 2 7 2 2 2
5 5 5 2 2 2 4 4 4 7 13 3 3 3
1 5 5 3 4 3 8 9 2 2 10 3 3 3 2 9
1 1 1 4 4 2 4 2
1 5 1 7 2 4 4 4 9 7 7 3 7 2 2 2 2 3 2 2 8 3 9 3 2 11 3 2 3 2 2 3 9 7 2
1 1 1 4 4 8 8 4 8 8 7 4 3 2 4 9 2 9 3 3
1 1 6 4 2 2
6 1 1 8 4 3 4 7 8 8 2 12 2 3 3 3 2 3 3 4 3 3 3 2 2 3 9 2 3 3 3
6 1 1 12 2 8 4 4 8 3 2 3 7 2 3 3 4 3 3 9
6 1 5 8 4 4 3 2 3 2 10 2 12 9 2 2 2 2 3 2 3
6 5 1 5 4 8 3 12 2 2 8 3 3 3
1 5 6 2 8 7 4 4 2 8 8 2 2 3 7 4 3
