1 2 30 31 3 4 32 5 6 5 6 5 6 5 6 5 6 5 6 5 6 5 6 5 6 5 6 5 6 5 6 5 6 5 6 5 29 6
1 2 30 31 3 4 32 5 7 8 9 10 11 12 6 13 14 13 24 13 14 13 16 17 14 18 25 19 26 27 26 17 27 18 9 15 10 11 25 19 26 21 20 22 23 27
1 2 3 4 5 6 5 6 5 6 5 6 5 6 5 6 5 6 5 6 5 6 5 6 5 6 5 6 5 6 5 7 9 8 10 11 12 6 13 14 13 16 17 14 18 19 18 19 18 19 18 25 19 26 17 27 18 20 23 22 21 19
1 2 30 31 3 4 32 5 6 5 7 9 8 10 11 12 6 13 14 13 14 13 14 13 16 17 14 18 25 19 26 17 27 18 20 23 22 21 19
1 2 3 4 5 6 5 6 5 6 5 6 5 6 5 6 5 6 5 6 5 6 5 6 5 6 5 6 5 6 5 6 5 36 6
1 2 3 4 5 6 5 6 5 6 5 6 5 6 5 6 5 6 5 6 5 6 5 6 5 6 5 7 9 8 10 11 12 6 13 14 13 14 13 14 13 16 17 14 18 25 19 26 27 26 27 26 27 26 17 27 18 21 20 22 23 19
1 2 30 31 32 31 32 31 3 4 32 5 6 5 6 5 6 5 6 5 6 5 6 5 6 5 6 5 6 5 6 5 6 5 6 5 6 5 6 5 6 5 6 5 6 5 6 5 6 5 6 5 6 5 6 5 6 5 6 5 6 5 6 5 6 5 6 5 7 8 9 10 11 12 6 13 15 9 10 11 12 14 13 14 13 14 13 16 17 14 18 15 9 10 11 25 19 18 28 29 27
1 2 30 31 3 4 32 5 7 8 9 10 11 12 6 13 14 13 14 13 16 17 14 18 25 19 26 27 26 27 26 17 27 18 25 19 26 27 26 17 27 18 25 19 26 17
1 2 30 31 3 4 32 5 6 5 7 8 9 10 11 12 6 13 14 13 15 9 10 11 12 14 13 15 9 10 11 12 14 13 14 13 14 13 16 17 14 18 20 22 21 23 19
1 2 3 4 5 7 9 8 10 11 12 6 13 15 9 10 11 12 14 13 14 13 16 17 14 18 25 19 26 17 27 18 20 22 21 23 19
1 2 3 4 5 7 9 8 10 11 12 6 13 14 13 16 17 14 18 25 19 26 27 26 27 26 27 26 27 26 27 26 27 26 27 26 27 26 27 26 17 27 18 20 21 22 23 19
1 2 3 4 5 7 9 8 10 11 12 6 13 14 13 14 13 16 17 14 18 20 21 22 23 19
1 2 3 4 5 6 5 7 6 5 6 5 6 5 6 5 6 5 7 9 8 10 11 12 6 13 14 13 14 13 9 15 10 11 12 14 13 14 13 14 13 14 13 14 13 14 13 9 15 10 11 12 14 13 14 13 16 17 14 18 21 21 20 22 23 23 19
1 2 3 4 5 6 5 6 5 7 8 9 10 11 12 6 13 14 13 14 13 9 15 10 11 12 14 13 14 13 14 13 16 17 14 18 20 22 21 23 19 31
1 2 3 4 5 6 5 6 5 6 5 7 8 9 10 11 12 6 13 15 9 10 11 12 14 13 14 13 14 13 16 17 14 18 25 19 26 27 26 17 27 18 20 21 22 23 19
1 2 3 4 5 7 8 9 10 11 12 6 13 14 13 14 13 14 13 16 17 14 18 19 18 25 19 26 27 26 27 26 17 27 18 22 20 21 23 19
1 2 30 31 3 4 32 5 7 8 9 10 11 12 6 13 9 15 10 11 12 14 13 16 17 14 18 25 19 26 27 26 27 26 27 26 27 26 17 27 18 28 29 19
1 2 30 31 3 4 32 5 6 5 6 5 6 5 6 5 8 10 11 12 6 5 6 5 6 6 26 36 15
1 2 30 31 3 4 32 5 7 8 9 10 11 12 6 13 14 13 14 13 14 13 16 17 14 18 23 20 22 21 19
1 2 30 31 3 4 32 5 6 5 7 8 9 10 11 12 6 13 14 13 9 15 10 11 12 14 13 14 13 16 17 14 18 20 21 23 22 19
1 2 30 31 3 4 32 5 6 5 6 5 6 5 6 5 6 5 6 5 6 5 6 5 6 5 6 5 6 5 6 5 6 5 6 5 6 5 6 5 6 5 6 5 21 22 31 32 31 3 4 32 5 7 9 8 10 11 12 6 13 14 13 16 17 14 18 19 18 20 21 23 22 19
1 2 30 31 3 4 32 5 7 9 8 10 11 12 6 13 14 13 14 13 16 17 14 18 25 19 26 27 26 27 26 27 26 27 26 27 26 27 26 27 26 27 26 27 26 20 23 21 22 27
1 2 3 4 5 6 5 6 5 6 5 7 8 9 10 11 12 6 13 14 13 14 13 14 13 14 13 14 13 14 14 15 36
1 2 3 4 5 9 8 10 11 12 6 13 15 9 10 11 12 14 13 16 17 14 18 20 23 23 21 22 19
1 2 3 4 5 7 8 9 10 11 12 6 13 14 13 14 13 16 17 14 18 15 15 10 11 25 19 26 23 20 22 23 27
1 2 30 31 32 31 3 4 32 5 7 8 9 10 11 12 6 13 9 15 10 11 12 14 13 14 13 16 17 14 18 20 21 22 23 19
1 2 30 31 3 4 32 5 7 8 9 10 11 12 6 13 9 15 10 11 12 14 13 14 13 16 17 14 18 15 9 10 11 25 19 26 27 26 27 26 27 26 17 27 18 20 22 21 23 19
1 2 30 31 3 4 32 5 6 5 6 5 6 5 6 5 6 5 6 5 6 5 6 5 6 5 6 5 6 5 6 5 6 5 29 6
1 2 30 31 3 4 32 5 7 9 8 10 11 12 6 13 14 13 14 13 14 13 16 17 14 18 19 18 19 18 19 18 20 22 21 23 19
1 2 3 4 5 6 5 6 5 6 5 6 5 6 5 6 5 6 5 6 5 6 5 7 8 9 10 11 12 6 13 9 15 10 11 12 14 13 14 13 14 13 14 13 14 13 14 13 14 14 15 36
1 2 3 4 5 6 5 7 8 9 10 11 12 6 13 9 15 10 11 12 14 13 16 17 14 18 21 20 22 21 23 19
1 2 30 31 3 4 32 5 6 5 6 5 6 5 6 5 6 5 6 5 6 5 6 5 6 5 6 5 6 5 6 5 6 5 6 5 6 5 6 5 36 6
1 2 3 4 5 7 8 9 10 11 12 6 13 14 13 16 17 14 18 22 20 21 23 19
1 2 30 31 3 4 32 5 6 5 6 5 6 5 6 5 6 5 7 8 9 10 11 12 6 13 14 13 14 13 15 9 10 11 12 14 13 14 13 14 13 14 13 16 17 14 18 19 18 20 21 22 23 19
1 2 3 4 5 6 5 6 5 6 5 6 5 6 5 6 5 7 9 8 10 11 12 6 13 14 13 14 13 14 13 16 17 14 18 25 19 26 27 26 27 26 27 26 17 27 18 22 20 21 23 19
1 2 3 4 5 6 5 6 5 6 5 6 5 6 5 6 5 6 5 6 5 6 5 6 5 6 5 6 5 6 5 6 5 6 5 6 5 6 5 6 5 6 5 6 36 6
1 2 3 4 5 7 9 8 10 11 12 6 13 14 13 14 13 14 13 16 17 14 18 25 19 26 27 26 17 27 18 21 20 22 23 19
1 2 3 4 5 6 5 7 9 8 10 11 12 6 13 14 13 15 9 10 11 12 14 13 14 13 14 13 14 13 14 13 36 15 14
1 2 3 4 5 7 8 9 10 11 12 6 13 14 13 16 17 14 18 25 19 26 21 20 23 22 21 27
1 2 30 31 3 4 32 5 7 8 9 10 11 12 6 13 9 15 10 11 12 14 13 14 13 14 13 14 13 14 35 26 36 15 27
1 2 30 31 3 4 32 5 6 5 6 5 6 5 6 5 7 8 9 10 11 12 6 13 14 13 9 15 10 11 12 14 13 14 13 14 13 16 17 14 18 20 22 21 23 19
1 2 3 4 5 6 5 7 8 9 10 11 12 6 13 14 13 14 13 16 17 14 18 28 29 19
1 2 3 4 5 6 5 7 8 9 10 11 12 6 13 9 15 10 11 12 14 13 14 13 14 13 15 36 14
1 2 3 4 5 6 5 7 9 8 10 11 12 6 13 14 13 16 17 14 18 25 19 26 27 26 17 27 18 19 18 19 18 28 29 19
1 2 3 4 5 6 5 7 9 8 10 11 12 6 13 16 17 14 18 19 18 19 18 25 19 26 27 26 17 27 18 25 19 26 27 26 27 26 27 26 17 27 18 21 20 22 23 19
1 2 3 4 5 7 9 8 10 11 12 6 13 15 9 10 11 12 14 13 14 13 14 13 14 13 14 13 16 17 14 18 25 19 26 17 27 18 20 23 22 21 19
1 2 30 31 3 4 32 5 7 9 8 10 11 12 6 13 9 15 10 11 12 14 13 14 13 16 17 14 18 20 21 23 22 19
1 2 30 31 3 4 32 5 6 5 7 8 9 10 11 12 6 13 14 13 14 13 14 13 14 13 14 13 14 13 14 13 16 17 14
1 2 30 31 3 4 32 5 7 8 9 10 11 12 6 13 16 17 14 18 19 18 25 19 26 27 26 27 26 17 27 18 20 21 22 23 19
1 2 3 4 5 6 5 7 9 8 10 11 12 6 13 14 13 14 13 14 13 14 13 14 13 14
1 2 30 31 32 31 3 4 32 5 7 8 9 10 11 12 6 13 15 9 10 11 12 14 13 16 17 14 18 15 9 10 11 25 19 26 19 26 27 26 27 26 17 27 18 20 21 22 23 19
1 2 30 31 3 4 32 5 6 5 6 5 6 5 6 5 6 5 6 5 6 5 6 5 6 5 6 5 6 5 6 5 6 5 6 5 6 5 6 5 6 6 36
1 2 3 4 5 7 9 8 10 11 12 6 13 14 13 14 13 14 13 14 13 14 13 16 17 14 18 19 18 21 22 20 20 19
1 2 30 31 3 4 32 5 6 5 7 9 8 10 11 12 6 13 9 15 10 11 12 14 13 14 13 16 17 14 18 25 19 26 27 26 27 26 27 26 17 27 18 20 22 21 23 19
1 2 3 4 5 6 5 6 5 6 5 6 5 7 8 9 10 11 12 6 13 14 13 9 15 10 11 12 14 13 14 13 16 17 14 18 19 18 25 19 26 17 27 18 20 21 22 23 19
1 2 30 31 3 4 32 5 6 5 6 5 6 5 6 5 6 5 6 5 6 5 6 5 6 5 6 5 6 32 5 6 6 36
1 2 30 31 3 4 32 5 6 5 6 5 6 5 6 5 6 5 6 5 6 5 6 5 6 5 6 5 6 5 6 5 6 5 6 5 6 5 6 6 36
1 2 30 31 3 4 32 5 6 5 6 5 7 8 9 10 11 12 6 13 14 13 14 13 14 13 16 17 14 18 28 29 19
1 2 3 4 5 6 5 6 5 7 9 8 10 11 12 6 13 14 13 16 17 14 18 28 29 19
1 2 3 4 5 7 8 9 10 11 12 6 13 14 13 14 13 14 13 14 13 14 13 16 17 14 18 25 19 26 27 26 17 27 18 25 19 26 27 26 27 35 22 20 21 23 27
1 2 3 4 5 7 9 8 10 11 12 6 13 14 13 14 13 15 36 14
1 2 30 31 32 31 3 4 32 5 7 8 9 10 11 12 6 13 14 13 14 13 14 13 14 13 16 17 14 18 28 29 19
1 2 30 31 3 4 32 5 7 9 8 10 11 12 6 13 14 13 15 9 10 11 12 14 13 14 13 36 15 14
1 2 3 4 5 6 5 6 5 6 5 6 5 6 5 6 5 6 5 6 5 6 5 6 5 6 5 6 5 6 5 6 5 6 5 6 5 6 5 6 5 6 5 6 5 6 5 6 5 6 5 6 5 6 5 6 5 6 5 6 6 36
1 2 3 4 5 6 5 6 5 7 9 8 10 11 12 6 13 14 13 14 13 16 17 14 18 19 18 19 18 25 19 26 17 27 18 25 19 26 27 26 27 26 27 26 17 27 18 25 19 26 9 15 10 11 25 27 26 27 26 27 26 27 26 27 26 27 26 27 26 17 27 18 19 18 20 22 21 23 19
1 2 3 4 5 7 8 9 10 11 12 6 13 15 9 10 11 12 14 13 15 9 10 11 12 14 13 14 13 16 17 14 18 19 18 19 18 9 15 10 11 25 19 26 26 27 26 27 26 17 27 18 20 23 22 21 19
1 2 3 4 5 6 5 6 5 6 5 7 9 8 10 11 12 6 13 14 13 14 13 14 13 16 17 14 18 25 19 26 27 26 17 27 18 25 19 26 27 26 17 27 18 20 23 21 22 19
1 2 30 31 3 4 32 5 7 8 9 10 11 12 6 13 16 17 14 18 25 19 26 17 27 18 20 23 21 22 19
1 2 3 4 5 6 5 6 5 6 5 6 5 7 9 8 10 11 12 6 13 14 13 14 13 14 13 14 13 16 17 14 18 29 28 19
1 2 30 31 32 32 31 32 31 32 31 32 31 3 4 32 5 6 5 6 5 6 5 6 5 6 5 6 5 6 5 6 5 6 5 6 5 6 5 6 5 6 5 6 5 6 15 36 14 31 3 4 32 5 6 5 6 5 6 5 6 5 6 5 6 5 6 6 36
1 2 30 31 3 4 32 5 6 5 7 9 8 10 11 12 6 13 14 13 16 17 14 18 19 18 19 18 20 22 21 23 19
1 2 3 4 5 6 5 6 5 7 9 8 10 11 12 6 13 14 13 16 17 14 18 19 18 20 23 21 22 19
1 2 30 31 3 4 32 5 6 5 6 5 6 5 6 5 6 5 6 5 6 5 6 5 6 5 6 5 6 5 6 5 6 5 6 5 6 6 5 36 6
1 2 3 4 5 6 5 6 5 6 5 7 8 9 10 11 12 6 13 15 9 10 11 12 14 13 16 17 14 18 20 21 22 23 19
1 2 3 4 5 6 5 7 9 8 10 11 12 6 13 15 9 10 11 12 14 13 14 13 16 17 14 18 25 19 26 27 26 27 26 27 26 17 27 18 20 23 21 22 19
1 2 30 31 3 4 32 5 6 5 7 8 9 10 11 12 6 13 14 13 16 17 14 18 20 21 22 23 19
1 2 3 4 5 6 5 6 5 7 9 8 10 11 12 6 13 14 13 16 17 14 18 25 19 26 27 26 27 26 9 15 10 11 25 27 26 27 26 27 26 27 26 27 26 27 26 27 26 27 26 27 26 16 17 27 18 20 21 22 23 19
1 2 3 4 5 6 5 6 5 7 9 8 10 11 12 6 13 14 13 16 17 14 18 20 23 21 22 19
1 2 3 4 5 6 5 6 5 7 8 9 10 11 12 6 13 15 9 10 11 12 14 13 14 13 9 15 10 11 12 14 13 14 13 14 13 16 17 14 18 21 23 22 20 19
1 2 3 4 5 7 6 5 6 5 7 8 9 10 11 12 6 13 14 13 14 13 14 13 14
1 2 30 31 3 4 32 5 7 9 8 10 11 12 6 13 14 13 16 17 14 18 19 18 19 18 20 23 22 21 19
1 2 3 4 5 6 5 6 5 7 9 8 10 11 12 6 13 14 13 16 17 14 18 19 18 25 19 26 17 27 18 20 21 23 22 19
1 2 30 31 3 4 32 5 6 5 6 5 6 5 6 31 4 6 5 6 5 6 5 6 5 6 5 6 5 6 5 6 5 6 5 6 5 6 5 6 5 6 5 6 5 6 5 6 6 36
1 2 30 31 32 31 3 4 32 5 7 9 8 10 11 12 6 13 14 13 14 13 14 13 16 17 14 18 19 18 19 18 20 21 22 23 19
1 2 30 31 3 4 32 5 6 5 6 5 6 5 7 8 9 10 11 12 6 13 16 17 14 18 25 19 26 27 26 27 26 27 26 27 26 17 27 18 22 20 23 21 19
1 2 30 31 3 4 32 5 7 8 9 10 11 12 6 13 9 15 10 11 12 14 13 15 9 10 11 12 14 13 14 13 16 17 14 18 29 28 19
1 2 30 31 3 4 32 5 6 5 7 8 9 10 11 12 6 13 14 13 15 9 10 11 12 14 13 14 13 14 13 16 17 14 18 20 22 21 23 19
1 2 3 4 5 6 5 6 5 7 8 9 10 11 12 6 13 14 13 14 13 14 13 14
1 2 30 31 3 4 32 5 6 5 7 9 8 10 11 12 6 13 14 13 16 17 14 18 25 19 26 27 26 27 26 17 27 18 25 19 26 27 26 17 27 18 20 23 21 22 19
1 2 30 31 3 4 32 5 9 8 10 11 12 6 13 14 13 14 13 14 13 14 13 14 13 14 13 14 13 15 36 14
1 2 3 4 5 6 5 7 9 8 10 11 12 6 13 15 9 10 11 12 14 13 16 17 14 18 25 19 26 17 27 18 19 18 23 22 20 21 19
1 2 30 31 32 31 3 4 32 5 6 5 7 8 9 10 11 12 6 13 14 13 14 13 14 13 14 13 14 36 15 14
1 2 3 4 5 6 5 6 5 6 5 6 5 6 5 6 5 6 5 7 8 9 10 11 12 6 13 14 13 14 13 16 17 14 18 15 9 10 11 25 19 26 27 26 27 26 17
1 2 3 4 5 6 5 6 5 6 5 6 5 7 9 8 10 11 12 6 13 9 15 10 11 12 14 13 14 13 16 17 14 18 25 19 26 27 26 27 26 27 26 27 26 17 27 18
1 2 3 4 5 6 5 7 9 8 10 11 12 6 13 14 13 14 13 14 13 14 13 9 15 10 11 12 14 13 14 13 14 13 14 13 14 13 36 15 14
1 2 30 31 3 4 32 5 6 5 7 8 9 10 11 12 6 13 14 13 15 9 10 11 12 14 13 14 13 16 17 14 18 19 18 19 18 25 19 26 27 26 27 26 27 26 27 26 27 26 17 27 18 20 23 22 21 19
1 2 3 4 5 6 5 7 9 8 10 11 12 6 13 14 13 14 13 14 13 14 13 16 17 14
1 2 30 31 3 4 32 5 6 5 6 5 6 5 6 5 6 5 7 9 8 10 11 12 6 13 16 17 14 18 19 18 20 22 21 22 19
1 2 30 31 3 4 32 5 7 8 9 10 11 12 6 13 14 13 16 17 14 18 25 19 26 27 26 27 26 27 26 17 27 18 20 21 22 23 19
1 2 30 31 32 31 32 31 32 31 32 31 32 31 32 31 32 31 32 31 32 31 3 4 32 5 6 5 6 5 6 5 7 9 8 10 11 12 6 13 14 13 14 13 16 17 14 18 25 19 26 27 26 17 27 18 20 23 21 22 19
1 2 3 4 5 7 9 8 10 11 12 6 13 14 13 14 13 14 13 14 13 14 13 14 13 15 9 10 11 12 14 13 14 13 15 9 10 11 12 14 13 14 13 14 13 16 17 14 18 21 22 20 23 19
1 2 3 4 5 7 8 9 10 11 12 6 13 14 13 14 13 14 13 14 13 14
1 2 3 4 5 6 5 6 5 6 5 6 5 6 5 6 5 6 5 6 5 6 5 6 5 6 5 6 5 6 5 6 6 36
1 2 30 31 32 31 3 4 32 5 7 8 9 10 11 12 6 13 14 13 16 17 14 18 19 18 19 18 22 21 23 20 19
1 2 3 4 5 7 9 8 10 11 12 6 13 14 13 16 17 14 18 21 20 22 23 19
1 2 30 31 32 31 3 4 32 5 6 5 6 5 6 5 6 5 6 5 6 5 6 5 6 5 6 5 6 5 6 5 6 5 6 5 6 5 6 5 6 5 6 5 6 5 6 6 36
1 2 30 31 3 4 32 5 6 5 7 8 9 10 11 12 6 13 14 13 14 13 14 13 9 15 10 11 12 14 13 9 15 10 11 12 14 13 14 13 14 13 36 15 14
1 2 3 4 5 6 5 6 5 6 5 6 5 7 9 8 10 11 12 6 13 14 13 14 13 14 13 16 17 14 18 9 15 10 11 25 19 26 20 22 21 23 27
1 2 3 4 5 7 9 8 10 11 12 6 13 14 13 16 17 14 18 25 19 26 27 26 17 27 18 20 21 23 22 19 18 19 18 19 18 19 18 19
1 2 3 4 5 6 5 6 5 6 5 6 5 6 5 6 5 6 5 6 5 6 5 6 5 6 5 6 5 7 9 8 10 11 12 6 13 14 13 14 13 14 13 15 36 14
1 2 30 31 3 4 32 5 6 5 6 5 6 5 6 5 6 5 7 9 8 10 11 12 6 13 16 17 14 18 25 19 26 27 26 17 27 18 25 19 26 27 26 27 26 27 16 17 27 18 25 19 26 22 21 20 23 19
1 2 30 31 3 4 32 5 6 5 6 5 6 5 6 5 6 5 6 5 6 5 6 5 6 5 6 5 6 5 7 9 8 10 11 12 6 13 14 13 14 13 14 13 14 13 14 13 36 15 14
1 2 3 4 5 7 8 9 10 11 12 6 13 14 13 14 13 14 13 36 15 14
1 2 30 31 3 4 32 5 6 5 6 5 6 5 6 5 6 5 7 8 9 10 11 12 6 13 9 15 10 11 12 14 13 16 17 14 18 29 19
1 2 3 4 5 6 5 7 9 8 10 11 12 6 13 14 13 14 13 9 15 10 11 12 14 13 14 13 9 15 10 11 12 14 13 14 13 16 17 14 18 25 19 26 27 26 27 26 27 26 17 27 18 25 19 26 27 26 27 26 27 26 17 27 18 28 29 19
1 2 3 4 5 6 5 6 5 6 5 7 9 8 10 11 12 6 13 14 13 14 13 14 13 14 13 16 17 14 18 25 19 26 27 26 27 26 27 26 17 27 18 25 19 26 27 26 27 26 27 26 27 26 27 26 17 27 18 25 19 26 27 26 17 27 18 20 22 21 23 19
1 2 3 4 5 6 5 7 9 8 10 11 12 6 13 14 13 14 13 14 13 14 13 14 13 14 13 14 13 14 13 16 17 14 18 20 21 22 23 19
1 2 3 4 5 6 5 7 8 9 10 11 12 6 13 14 13 14 13 14 13 16 17 14 18 20 21 22 23 19
1 2 30 31 3 4 32 5 7 9 8 10 11 12 6 13 14 13 14 13 14 13 14 13 9 15 10 11 12 14 13 14 13 16 22 9 10 11 12 14 13 14 13 14 13 14 13 16 17 14 18 23 20 21 22 19
1 2 30 31 3 4 32 5 6 5 6 5 6 5 6 5 6 5 7 9 8 10 11 12 6 13 15 9 15 10 11 12 14 13 9 15 10 11 12 14 13 14 13 14 13 14 13 14 13 36 15 14
1 2 3 4 5 6 5 6 5 7 9 8 10 11 12 6 13 9 15 10 11 12 14 13 9 15 10 11 12 14 13 16 17 14 18 25 19 26 27 26 27 26 17 27 18 21 22 23 20 19
1 2 3 4 5 6 5 6 5 6 5 7 6 9 8 10 11 12 6 13 16 17 14 18 19 18 20 21 22 23 19
1 2 3 4 5 6 5 6 5 6 5 6 5 6 5 6 5 7 8 9 10 11 12 6 13 14 13 9 15 10 11 12 14 13 14 13 14 13 14 13 36 15 14
1 2 3 4 5 6 5 6 5 7 8 9 10 11 12 6 13 14 13 14 13 14 13 14 13 14 13 14 13 14 13 9 15 10 11 12 14 13 9 15 10 11 12 14 13 14 13 15 36 14
1 2 30 31 32 31 32 31 3 4 32 5 6 5 7 9 8 10 11 12 6 13 14 13 14 13 14 13 15 36 14
1 2 30 31 3 4 32 5 6 5 6 5 6 5 6 5 6 5 6 5 7 9 8 10 11 12 6 13 9 15 10 11 12 14 13 14 13 14 13 14 13 14 13 14 13 14 13 16 17 14 18 19 18 19 18 21 20 22 23 19
1 2 30 31 3 4 32 5 6 5 6 5 6 5 6 5 6 5 6 5 6 5 6 5 6 5 6 5 6 5 6 5 6 5 6 6 36
1 2 3 4 5 6 5 6 5 6 5 7 8 9 10 11 12 6 13 14 13 14 13 14 13 14 13 14 13 15 36 14
1 2 30 31 3 4 32 5 7 9 8 10 11 12 6 13 9 15 10 11 12 14 13 15 9 10 11 12 14 13 14 13 14 13 14 13 14 13 14 13 14 13 14 13 16 17 14 18 20 22 21 23 19
1 2 3 4 5 6 5 6 5 6 5 6 5 6 5 7 9 8 10 11 12 6 13 14 13 14 13 14 13 36 15 14
1 2 30 31 3 4 32 5 6 5 7 8 9 10 11 12 6 13 14 13 14 13 14 13 14 13 14 13 14 13 14 13 14 14 36 15
1 2 30 31 3 4 32 5 6 5 7 9 8 10 11 12 6 13 14 13 15 9 10 11 12 14 13 16 17 14 18 25 19 26 27 26 17 27 18 20 22 21 23 19
1 2 3 4 5 6 5 6 5 6 5 6 5 6 5 7 8 9 10 11 12 6 13 14 13 14 13 14 13 36 15 14
1 2 30 31 3 4 32 5 7 9 8 10 11 12 6 13 14 13 14 13 14 13 16 17 14 18 25 19 26 27 26 27 26 27 26 17 27 18 19 18 20 21 20 22 19
1 2 30 31 3 4 32 5 6 5 6 5 6 5 7 8 9 10 11 12 6 13 14 13 14 13 14 13 14 14 36 15
1 2 3 4 5 6 5 7 9 8 10 11 12 6 13 15 9 10 11 12 14 13 14 13 16 17 14 18 21 20 23 22 19
1 2 3 4 5 6 5 6 5 6 5 6 5 6 5 6 5 7 9 8 10 11 12 6 13 9 15 10 11 12 14 13 14 13 14 13 15 36 14
1 2 3 4 5 7 9 9 8 10 11 12 6 13 16 17 14
1 2 30 31 3 4 32 5 7 9 8 10 11 12 6 13 16 17 14 18 25 19 26 17
1 2 3 4 5 6 5 6 5 6 5 6 5 6 5 6 5 6 5 6 5 6 5 6 5 6 5 6 6 36
1 2 3 4 5 6 5 6 5 7 8 9 10 11 12 6 13 14 13 14 13 14 13 16 17 14 18 25 19 26 27 26 17 27 18 20 23 22 21 19
1 2 3 4 5 6 5 7 9 8 10 11 12 6 13 9 15 10 11 12 14 13 14 13 16 17 14 18 20 21 22 23 19
1 2 3 4 5 6 5 6 5 6 5 6 5 6 5 6 5 6 5 7 9 8 10 11 12 6 13 14 13 14 13 16 17 14 18 19 18 20 22 23 21 19
1 2 30 31 3 4 32 5 6 5 6 5 6 5 7 8 9 10 11 12 6 13 14 13 36 15 14
1 2 30 31 3 4 32 5 7 8 9 10 11 12 6 13 14 13 16 17 14 18 19 18 20 23 21 22 19
1 2 3 4 5 6 5 6 5 6 5 6 5 6 5 7 9 8 10 11 12 6 13 9 15 10 11 12 14 13 14 13 16 17 14 18 22 20 21 22 23 19
1 2 30 31 3 4 32 5 7 8 9 10 11 12 6 13 14 13 14 13 14 13 14 13 16 17 14 18 20 22 23 21 19
1 2 23 3 4 5 7 8 9 10 11 12 6 13 16 17 14 18 15 9 10 11 25 19 26 27 26 27 26 27 26 17 27 18 25 19 26 27 26 27 26 27 26 27 26 17 27 18 20 23 21 22 19
1 2 3 4 5 6 5 6 5 7 9 8 10 11 12 6 13 15 9 10 11 12 14 13 14 13 14 13 14 13 14 13 16 17 14 18 25 19 26 27 26 17 27 18 22 20 23 21 19
1 2 30 31 3 4 32 5 7 8 9 10 11 12 6 13 14 13 14 13 14 13 16 17 14 18 20 23 21 22 19
1 2 30 31 32 31 3 4 32 5 7 8 9 10 11 12 6 13 14 13 9 15 10 11 12 14 13 14 13 14 13 14 13 14 13 16 17 14 18 20 22 21 23 19
1 2 3 4 5 7 8 9 10 11 12 6 13 16 17 14 18 25 19 26 27 26 27 26 27 26 17 27 18 23 9 15 10 11 25 19 26 27 26 27 26 27 26 27 26 27 26 27 26 27 26 27 26 17 27 18 29 28 19
1 2 30 31 32 31 3 4 32 5 6 5 6 5 6 5 6 5 6 5 6 5 6 5 6 5 7 8 9 10 11 12 6 13 14 13 14 13 14 13 14 13 14 13 16 17 14 18 25 19 26 27 26 22 21 20 22 23 19
1 2 30 31 3 4 32 5 6 5 6 5 7 8 9 10 11 12 6 13 14 13 16 17 14 18 25 19 26 27 26 17 27
1 2 30 31 3 4 32 5 6 5 6 5 6 5 6 5 6 5 6 5 6 5 6 5 7 8 9 10 11 12 6 13 9 15 10 11 12 14 13 14 13 15 36 14
1 2 30 31 3 4 32 5 6 5 6 5 6 5 6 5 6 5 6 5 6 5 7 9 8 10 11 12 6 13 14 13 14 13 14 13 14 13 16 17 14 18 29 19
1 2 30 31 3 4 32 5 6 5 6 5 6 5 6 5 6 5 7 9 8 10 11 12 6 5 6 6 36
1 2 3 4 5 6 5 6 5 6 5 6 5 7 8 9 10 11 12 6 13 14 13 14 13 16 17 14 18 15 9 10 11 25 19 26 23 21 22 20 27
1 2 3 4 5 7 9 8 10 11 12 6 13 16 17 14 18 19 18 25 19 26 27 26 27 26 27 26 17 27 18 21 20 21 23 19
1 2 30 31 3 4 32 5 6 5 6 5 6 5 6 5 7 8 9 10 11 12 6 13 14 13 14 13 16 17 14 18 19 18 21 20 21 22 23 19
1 2 30 31 3 4 32 5 6 5 6 5 6 5 6 5 6 5 7 8 9 10 11 12 6 13 14 13 14 13 16 17 14 18 15 9 10 11 25 19 26 21 20 23 21 22 27
1 2 3 4 5 6 5 6 5 6 5 6 5 6 5 6 5 6 5 6 5 6 5 6 5 6 5 29 6
1 2 3 4 5 6 5 6 5 6 5 7 9 8 10 11 12 6 13 14 13 14 13 14 13 14 13 14 13 16 17 14 18 20 22 21 23 19
1 2 30 31 3 4 32 5 6 5 6 5 7 8 9 10 11 12 6 13 14 13 14 13 14 13 16 17 14 18 19 18 20 23 21 22 19
1 2 3 4 5 7 9 8 10 11 12 6 13 16 17 14 18 25 19 26 27 26 17 27 18 29 28 19
1 2 30 31 3 4 32 5 6 5 6 5 7 8 9 10 11 12 6 13 14 13 16 17 14 18 19 18 15 9 10 11 25 19 26 20 22 21 23 27
1 2 30 32 31 3 4 32 5 6 5 6 5 7 9 8 10 11 12 6 13 9 15 10 11 12 14 13 16 17 14 18 19 18 19 18 25 19 26 20 22 21 23 19
1 2 3 4 5 6 5 7 9 8 10 11 12 6 13 14 13 14 13 16 17 14 18 25 19 26 27 26 27 26 27 26 27 26 17 27 18 21 20 21 22 23 19
1 2 3 4 5 6 5 7 8 9 10 11 12 6 13 14 13 16 17 14 18 25 19 26 27 26 27 26 27 26 17 27 18 21 22 20 23 19
1 2 3 4 5 6 5 6 5 6 5 6 5 7 9 8 10 11 12 6 13 14 13 14 13 15 36 14
1 2 30 31 3 4 32 5 6 5 6 5 7 8 9 10 11 12 6 13 14 13 15 36 14
1 2 3 4 5 7 8 9 10 11 12 6 13 14 13 14 13 14 13 14 13 16 17 14 18 25 19 26 27 26 27 26 27 26 27 26 20 21 22 23 27
1 2 30 31 3 4 32 5 6 5 6 5 6 5 6 5 6 5 6 5 6 5 6 5 7 9 8 10 11 12 6 13 14 13 14 13 16 17 14 18 25 19 26 27 26 27 26 27 26 17 27 18 28 29 19
1 2 3 4 5 7 9 8 10 11 12 6 13 16 17 14 18 25 19 26 27 26 27 26 17 27 18 9 15 10 11 25 19 26 20 23 22 21 23 27
1 2 3 4 5 6 5 6 5 7 9 8 10 11 12 6 13 15 9 10 11 12 14 13 14 13 16 17 14 18 25 19 26 27 26 27 26 17 27 18 20 21 22 23 19
1 2 3 4 5 7 8 9 10 11 12 6 13 14 13 14 13 14 13 16 17 14 18 21 22 23 20 19
1 2 30 31 3 4 32 5 6 5 6 5 7 9 8 10 11 12 6 13 14 13 16 17 14 18 25 19 26 27 26 27 26 17 27 18 20 22 21 23 19
1 2 30 31 3 4 32 5 6 5 6 5 6 5 6 5 6 5 6 5 6 5 6 5 6 5 6 5 6 5 6 5 6 5 6 5 6 5 6 5 6 5 6 5 6 5 6 5 6 5 6 5 6 5 29 6
1 2 30 31 3 4 32 5 6 5 6 5 6 5 6 5 6 5 6 5 6 5 6 5 7 8 9 10 11 12 6 13 14 13 14 13 14 13 16 17 14 18 28 29 19
1 2 30 31 3 4 8 6 10 11 12 6 13 14 13 16 17 14 18 23 21 20 22 19
1 2 3 4 5 6 5 6 5 7 8 9 10 11 12 6 13 14 13 14 13 14 13 14 13 15 9 10 11 12 14 13 15 9 10 11 12 14 13 14 13 14 13 14 13 16 17 14 18 29 28 19
1 2 3 4 5 7 8 9 10 11 12 6 13 14 13 14 13 16 17 14 18 15 9 10 11 25 19 26 27 26 27 26 17 27 18 19 18 28 29 19
1 2 30 31 3 4 32 5 7 9 8 10 11 12 6 13 14 13 9 15 10 11 12 14 13 14 13 14 13 14 13 14 13 36 15 14
1 2 3 4 5 6 5 6 5 6 5 7 9 8 10 11 12 6 13 9 15 10 11 12 14 13 16 17 14 18 19 18 21 20 22 23 19
1 2 3 4 5 6 5 6 5 6 5 6 5 6 5 6 5 6 5 6 5 6 5 6 5 6 5 6 5 6 5 6 5 6 36 6
1 2 3 4 5 6 5 6 5 7 8 9 10 11 12 6 13 15 9 10 11 12 14 13 16 17 14 18 25 19 26 17 27 18 19 18 25 19 26 27 26 15 36 27
1 2 30 31 3 4 32 5 6 5 6 5 7 9 8 10 11 12 6 13 14 13 14 13 14 13 16 17 14 18 19 18 20 21 22 23 19
1 2 3 4 5 6 5 7 8 9 10 11 12 6 13 14 13 14 13 14 13 14 13 16 17 14 18 19 18 28 29 19
1 2 3 4 5 7 8 9 10 11 12 6 13 14 13 16 17 14 18 25 19 26 27 26 17 27 18 25 19 26 27 26 27 26 27 26 27 26 17 27 18 19 18 19 18 19 18 19 18 20 21 22 23 19
1 2 3 4 5 6 5 7 8 9 10 11 12 6 13 9 15 10 11 12 14 13 14 13 9 15 10 11 12 14 13 14 13 14
1 2 30 31 3 4 32 5 6 5 6 5 7 8 9 10 11 12 6 13 14 13 14 13 16 17 14 18 25 19 26 27 26 27 26 17 27 18 19
1 2 30 31 3 4 32 5 7 9 8 10 11 12 6 13 14 13 14 13 14 13 14 13 14 13 14 13 14 13 14 14 36 15
1 2 3 4 5 6 5 6 5 6 5 6 5 7 9 8 10 11 12 6 13 14 13 14 13 15 36 14
1 2 3 4 5 6 5 6 5 6 5 6 5 6 5 6 5 6 5 6 5 6 5 6 5 6 5 6 5 6 5 6 5 6 5 6 5 6 5 6 5 6 5 6 5 6 5 6 5 6 5 6 5 6 5 6 5 6 5 6 5 6 5 6 5 6 5 6 5 6 5 29 6
1 2 3 4 5 6 5 6 5 7 9 8 10 11 12 6 13 14 13 16 17 14 18 20 21 23 22 19
1 2 3 4 5 6 5 7 8 9 10 11 12 6 13 14 13 14 13 14 13 16 17 14 18 19 18 21 20 22 23 19
1 2 3 4 5 6 5 6 5 6 5 7 8 9 10 11 12 6 13 16 17 14 18 25 19 26 27 26 27 26 27 26 17 27 18 25 19 26 27 26 27 26 17 27 18 20 22 21 23 19
1 2 3 4 5 6 5 6 5 6 5 7 8 9 10 11 12 6 13 9 15 10 11 12 14 13 14 13 16 17 14 18 19 18 19 18 19 18 20 22 21 23 19
1 2 3 4 5 6 5 6 5 7 9 8 10 11 12 6 13 9 15 10 11 12 14 13 14 13 16 17 14 18 19 18 25 19 36 28 19
1 2 3 4 5 6 5 7 8 9 10 11 12 6 13 14 13 14 13 16 17 14 18 20 23 21 22 19
1 2 30 31 32 31 3 4 32 5 7 8 9 10 11 12 6 13 14 13 14 13 14 13 14 13 16 17 14 18 19 18 20 23 19
1 2 30 31 3 4 32 5 6 5 6 5 7 9 8 10 11 12 6 13 14 13 16 17 14 18 28 29 19
1 2 3 4 5 6 5 6 5 6 5 6 5 6 5 6 5 6 5 7 8 9 10 11 12 6 13 15 9 10 11 12 14 13 15 9 10 11 12 14 13 14 13 14 13 36 15 14
1 2 3 4 5 6 5 6 5 6 5 6 5 7 8 9 10 11 12 6 13 14 13 14 13 16 17 14 18 19 18 19 18 19 18 21 20 22 23 19
1 2 30 31 3 4 32 5 6 5 6 5 6 5 6 5 6 5 6 5 6 5 6 5 6 5 6 5 6 5 6 5 6 5 6 5 6 5 6 5 6 5 6 5 6 5 6 5 6 5 6 6 36
1 2 30 31 32 31 32 31 3 4 32 5 6 5 6 5 6 5 7 8 9 10 11 12 6 13 14 13 14 13 16 17 14 18 19 18 19 18 20 22 23 21 19
1 2 3 4 5 7 8 9 10 11 12 6 13 14 13 14 13 14 13 14 13 14 13 14 13 14 14 36 15
1 2 3 4 5 6 5 6 5 7 9 8 10 11 12 6 13 9 15 10 11 12 14 13 14 13 14 13 16 17 14 18 21 20 22 23 19
1 2 30 31 3 4 32 5 7 9 8 10 11 12 6 13 14 13 16 17 14 18 19 18 19 18 25 19 26 17 27 18 20 22 23 21 19
1 2 30 31 32 31 32 31 3 4 32 5 7 6 5 6 5 6 5 6 5 6 5 6 5 6 5 6 5 29 6
1 2 3 4 5 6 5 6 5 6 5 6 5 6 5 6 5 6 5 6 5 6 5 6 5 6 5 6 5 6 5 6 5 6 5 6 5 6 5 6 5 6 34 5 6 5 6 5 6 5 7 8 9 10 11 12 6 13 14 13 14 13 16 17 14 18 19 18 20 23 22 21 19
1 2 3 4 5 7 9 8 10 11 12 6 13 14 13 14 13 9 15 10 11 12 14 13 16 17 14 18 25 19 26 19 26 27 26 17 27 18 21 20 22 23 19
1 2 30 31 3 4 32 5 6 5 6 5 6 5 6 5 7 8 9 10 11 12 6 13 14 13 14 13 14 13 14 13 16 17 14 18 25 19 26 27 26 17 27 18 20 22 22 21
1 2 3 4 5 7 8 9 10 11 12 6 13 9 15 10 11 12 14 13 16 17 14 18 15 20 23 21 19
1 2 3 4 5 6 5 7 8 9 10 11 12 6 13 14 13 14 13 14 13 16 17 14 18 28 29 19
1 2 30 31 3 4 32 5 6 5 7 8 9 10 11 12 6 13 14 13 14 13 14 13 14 13 14 13 14 13 14 13 14 14 15 36
1 2 3 4 5 6 5 6 5 6 5 7 9 8 10 11 12 6 13 14 13 16 17 14 18 25 19 26 9 15 10 11 25 19 26 27 26 27 26 27 26 17 27 18 20 21 22 23 19
1 2 30 31 3 4 32 5 7 9 8 10 11 12 6 13 15 9 10 11 12 14 13 14 13 14 13 16 17 14 18 23 22 20 21 19
1 2 3 4 5 7 8 9 10 11 12 6 13 15 9 10 11 12 14 13 14 13 16 17 14 18 20 21 23 22 19
1 2 3 4 5 6 5 7 9 9 8 10 11 12 6 13 14 13 14 13 16 17 14 18 20 21 22 23 19
1 2 30 31 3 4 32 5 7 9 8 10 11 12 6 13 14 13 16 17 14 18 25 19 26 27 26 17 27 18 20 21 22 23 19
1 2 3 4 5 6 5 6 5 6 5 6 5 6 5 7 8 9 10 11 12 6 13 14 13 14 13 14
1 2 30 31 32 31 3 4 32 5 7 8 9 10 11 12 6 13 14 13 14 13 14 13 14 13 36 15 14
1 2 30 31 3 4 32 5 7 8 9 10 11 12 6 13 14 13 14 13 15 9 10 11 12 14 13 15 9 10 11 12 14 13 14 13 14 13 14 13 14 13 36 14
1 2 30 31 3 4 32 5 6 5 6 5 6 5 6 5 6 5 6 5 6 5 6 5 6 5 6 5 6 5 6 36 6
1 2 30 31 3 4 32 5 6 5 6 5 6 5 6 5 6 5 6 5 6 5 6 5 6 5 6 5 6 5 29 23 19
1 2 3 4 5 6 5 6 5 6 5 6 5 6 5 7 9 8 10 11 12 6 13 14 13 14 13 16 17 14 18 25 19 26 27 26 17 27 18 20 21 22 23 19
1 2 30 31 3 4 32 5 6 5 7 8 9 10 11 12 6 13 9 15 10 11 12 14 13 14 13 14 13 16 17 14
1 2 3 4 5 7 9 8 10 11 12 6 13 14 13 14 13 14 13 14 13 14 14 15 36
1 2 3 4 5 6 5 6 5 6 5 6 5 7 8 9 10 11 12 6 13 14 13 9 15 10 11 12 14 13 16 17 14 18 25 19 26 27 26 17 27 18 20 21 22 23 19
1 2 3 4 5 6 5 6 5 6 5 7 9 8 10 11 12 6 13 15 9 10 11 12 14 13 14 13 16 17 14 18 20 21 22 23 19
1 2 30 31 32 31 3 4 32 5 7 9 8 10 11 12 6 13 16 17 14 18 19 18 19 18 23 21 20 22 19
1 2 30 31 3 4 32 5 6 5 6 5 6 5 6 5 6 5 6 5 6 5 6 5 6 5 6 5 6 5 6 5 6
1 2 30 31 3 4 32 5 7 9 8 10 11 12 6 13 14 13 14 13 16 17 14 18 19 18 29 28 19
1 2 30 31 3 4 32 5 7 9 8 10 11 12 6 13 14 13 14 13 14 13 14 13 36 15 14
1 2 30 31 3 4 32 5 6 5 6 5 6 5 6 5 6 5 6 5 6 5 6 5 6 5 6 5 6 5 6 5 6 6 36
1 2 30 31 32 31 3 4 32 5 6 5 6 5 6 5 7 8 9 10 11 12 6 13 14 13 14 13 14 13 14 13 16 17 14 18 20 21 22 21 23
1 2 3 4 5 6 5 6 5 7 9 8 10 11 12 6 13 14 13 14 13 16 17 14 18 28 29 19
1 2 30 31 3 4 32 5 6 5 7 9 8 10 11 12 6 13 14 13 14 13 14 13 14 13 14 13 14 13 14 13 16 17 14 18 15 9 10 11 25 19 26 21 20 22 23 27
1 2 3 4 5 7 9 8 10 11 12 6 13 14 13 14 13 14 13 9 15 10 11 12 14 13 14 13 14 13 14 13 14 13 36 14 14
1 2 30 31 3 4 32 5 6 5 6 5 7 8 9 10 11 12 6 13 14 13 14 13 14 13 14 13 14 13 14 13 14 13 14 14 36 15
1 2 3 4 5 6 5 6 5 7 9 8 10 11 12 6 13 14 13 16 17 14 18 29 28 19
1 2 30 31 3 4 32 5 6 5 6 5 6 5 6 5 6 5 6 5 6 5 6 5 6 5 6 5 7 9 8 10 11 12 6 13 15 9 10 11 12 14 13 14 13 16 17 14 18 28 29 19
1 2 3 4 5 7 9 8 10 11 12 6 13 14 13 16 17 14 18 25 19 26 27 26 27 26 27 26 17 27 18 20 21 22 23 19
1 2 3 4 5 6 5 6 5 7 8 9 10 11 12 6 13 14 13 14 13 14 13 14 13 14 13 16 17 14 18 19 18 25 19 26 27 26 27 26 17 27 18 20 21 22 23 19
1 2 30 31 3 4 32 5 7 9 8 10 11 12 6 13 14 13 14 13 16 17 14 18 20 22 21 23 19
1 2 3 4 5 7 8 9 10 11 12 6 13 14 13 14 13 16 17 14 18 28 29 19
1 2 3 4 5 6 5 6 5 6 5 6 5 6 5 6 5 6 5 6 5 6 5 6 5 6 5 6 5 6 5 6 34 22 30 2 22 32 34 14 30 31 3 4 5 6 5 6 5 6 5 6 5 6 5 7 9 8 10 11 12 6 13 14 13 16 17 14 18 19 18 20 21 22 21 23
1 2 3 4 5 6 5 6 5 7 9 8 10 11 12 6 13 9 15 10 11 12 14 13 14 13 14 13 14 13 14 13 16 17 14 18 19 18 28 29 19
1 2 3 4 5 6 5 7 8 9 10 11 12 6 13 14 13 14 13 14 13 9 15 10 11 12 14 13 14 13 14 13 16 17 14 18 25 19 26 27 26 17 27 18 25 19 26 27 26 17 27 18 9 15 10 11 25 19 26 29 28 27
1 2 3 4 5 7 9 8 10 11 12 6 13 14 13 14 13 14 13 14 13 16 17 14 18 19 18 25 19 26 27 26 17 27 18 21 20 23 22 19
1 2 30 31 3 4 32 5 6 5 6 5 6 5 6 5 6 5 6 5 6 5 6 5 6 5 6 5 6 5 6 5 6 5 6 5 6 5 6 5 6 5 6 5 6 5 6 5 6 5 6 5 6 5 6 5 6 5 6 6 36
1 2 3 4 5 6 5 6 5 7 8 8 10 11 12 6 13 14 13 14 13 14 13 14 13 14 13 9 15 10 11 12 14 13 14 13 14
1 2 30 31 3 4 32 5 6 5 7 9 8 10 11 12 6 5 7 9 8 10 11 12 6 13 14 13 14 13 14 13 9 15 10 11 12 14 13 14 13 16 17
1 2 3 4 5 7 8 9 10 11 12 6 13 14 13 16 17 14 18 25 19 26 17 27 18 20 22 21 23 19
1 2 3 4 5 6 5 7 8 9 10 11 12 6 13 15 9 10 11 12 14 13 15 9 10 11 12 14 13 14 13 14 13 16 17
1 2 30 31 3 4 32 5 6 5 7 8 9 10 11 12 6 13 9 15 10 11 12 14 13 14 13 14 13 14 13 14 13 16 17 14 18 19 18 20 21 22 23 19
1 2 2 3 4 5 7 9 8 10 11 12 6 13 14 13 16 17 14 18 20 21 22 23 19
1 2 3 4 5 7 9 8 10 11 12 6 13 14 13 16 17 14 18 25 19 26 27 26 17 27 18 19 18 19 18 20 21 22 23 19
1 2 3 4 5 6 5 6 5 6 5 6 5 6 5 6 5 6 5 6 5 6 5 6 5 6 5 6 5 6 5 6 5 6 5 6 5 6 5 6 5 6 5 6 5 6 5 6 5 6 5 6 5 6 5 6 6 36
1 2 3 4 5 6 5 7 9 8 10 11 12 6 13 14 13 14 13 14 13 14 13 14 13 14 14 15 36
1 2 30 31 32 31 32 31 3 4 32 5 6 5 6 5 6 5 7 8 9 10 11 12 6 13 15 9 10 11 12 14 13 14 13 16 17 14 18 28 29 19
1 2 3 4 5 6 5 6 5 6 5 6 5 6 5 6 5 6 5 6 5 6 5 6 5 6 5 6 5 6 5 6 5 6 5 6 5 6 5 6 5 6 5 6 5 6 5 7 8 9 10 11 12 6 13 9 15 10 11 12 14 13 14 13 14 13 15 36 14
1 2 3 4 5 6 5 7 9 8 10 11 12 6 13 14 13 16 17 14 18 19 18 19 18 19 18 19 18 25 19 26 27 26 27 26 17 27 18 20 23 21 22 19
1 2 30 31 3 4 32 5 6 5 7 9 8 10 11 12 6 13 14 13 14 13 14 13 14 13 14 13 14 17 36
1 2 30 31 3 4 32 5 6 5 6 5 6 5 6 5 7 9 8 10 11 12 6 13 14 13 14 13 16 17 14 18 28 29 19
1 2 3 4 5 6 5 7 9 8 10 11 12 6 13 16 17 14 18 19 18 19 18 20 21 23 22 19
1 2 3 4 5 6 5 7 9 8 10 11 12 6 13 14 13 14 13 16 17 14 18 20 23 21 22 19
1 2 3 4 5 6 5 6 5 6 5 7 8 9 10 11 12 6 13 15 9 10 11 12 14 13 14 13 14 13 14 13 14 13 16 17 14 18 20 22 21 23 19
1 2 30 31 3 4 32 5 7 9 8 10 11 12 6 13 9 15 10 11 12 14 13 14 13 16 17 14 18 19 18 25 19 26 27 26 27 26 17 27 18 22 20 21 23 19
1 2 3 4 5 6 5 6 5 6 5 7 9 8 10 11 12 6 13 9 15 10 11 12 14 13 14 13 16 17 14 18 25 19 26 27 26 27 26 27 26 27 26 17
1 2 30 31 3 4 32 5 7 8 9 10 11 12 6 13 16 17 14 18 19 18 25 19 26 17 27 18 20 21 23 22 19 19
1 2 3 4 5 7 9 8 10 11 12 6 13 14 13 14 13 14 13 14 13 14 13 16 17 14 18 19 18 20 22 21 23 19
1 2 3 4 5 6 5 6 5 6 5 7 9 8 10 11 12 6 13 9 15 10 11 12 14 13 14 13 14 13 36 15 14
1 2 30 31 31 3 4 32 5 7 9 8 10 11 12 6 13 16 17 14 18 19 18 19 18 19 18 19 18 21 20 22 23 19
1 2 30 31 3 4 32 5 7 9 8 10 11 12 6 13 14 13 14 13 14 13 14 13 14 13 14 13 14 13 14 13 16 17 14 18 29 28 19
1 2 3 4 5 6 5 6 5 7 9 8 10 11 12 6 13 9 15 10 11 12 14 13 14 13 14 13 14 13 14 13 36 15 14
1 2 30 31 3 4 32 5 7 9 8 10 11 12 6 13 14 13 14 13 16 17 14 18 22 20 23 21 19
1 2 3 4 5 6 5 6 5 6 5 6 5 6 5 7 8 9 10 11 12 6 13 9 15 10 11 12 14 13 15 9 10 11 12 14 13 14 13 16 17 14 18 25 19 26 23 21 20 22 23 27
1 2 3 4 5 6 5 6 5 7 8 9 10 11 12 6 13 15 9 10 11 12 14 13 14 13 15 9 10 11 12 14 13 14 13 9 15 10 11 12 14 13 14 13 16 17
1 2 3 4 5 6 5 7 8 9 10 11 12 6 13 14 13 9 15 10 11 12 15 15 10 11 12 6 13 14 13 14 13 14 13 14 13 14 13 14 13 14 13 14 14 15 36 15
1 2 30 31 3 4 32 5 6 5 6 5 6 5 6 5 6 5 6 5 6 5 6 5 6 5 7 9 8 10 11 12 6 13 14 13 14 13 14 13 14 13 25 13 14 13 14 13 14 15 36
1 2 3 4 5 7 9 8 10 11 12 6 13 14 13 14 13 16 17 14 18 25 19 26 27 26 27 26 27 26 27 26 27 26 27 26 17 27 18 21 20 22 21 23 19
1 2 30 31 3 4 32 5 6 5 6 5 6 5 6 5 6 5 6 5 6 5 6 5 6 5 6 5 6 5 6 5 6 5 6 5 6 6 36
1 2 3 4 5 6 5 6 5 6 5 6 5 7 9 8 10 11 12 6 13 14 13 14 13 16 17 14 18 20 22 23 21 19
1 2 30 31 3 4 32 5 6 5 6 5 6 5 6 5 7 9 8 10 11 12 6 13 14 13 14 13 14 13 14 13 14 13 14 13 14 17 36
1 2 30 31 3 4 32 5 6 5 6 5 7 9 8 10 11 12 6 13 14 13 14 13 14 13 14 13 14 13 14 13 16 17 14 18 21 20 22 23 19
1 2 30 31 3 4 32 5 7 8 9 10 11 12 6 13 14 13 14 13 14 13 14 13 14 13 14 13 14 14 36 15
1 2 3 4 5 6 5 6 5 6 5 6 5 6 5 7 8 9 10 11 12 6 13 9 15 10 11 12 14 13 14 13 14 13 14 13 15 36 14
1 2 30 31 3 4 32 5 7 9 8 10 11 12 6 13 15 9 10 11 12 14 13 14 13 14 13 14 13 14 13 14 13 14 13 14 14 36 15
1 2 30 31 32 31 3 4 32 5 6 5 6 5 6 5 6 5 6 5 6 5 6 5 7 8 9 10 11 12 6 13 14 13 14 13 14 13 16 17 14 18 19 18 19 18 19 18 28 29 19
1 2 30 31 3 4 32 5 7 9 8 10 11 12 6 13 14 13 14 13 14 13 14
1 2 3 4 5 7 9 8 10 11 12 6 13 14 13 14 13 16 17 14 18 25 19 26 29 19
1 2 30 31 3 4 32 5 7 8 9 10 11 12 6 13 14 13 14 13 14 13 16 17 14 18 25 19 26 17 27 18 20 23 22 21 19
1 2 3 4 5 7 8 9 10 11 12 6 13 14 13 9 15 10 11 12 14 13 14 13 16 17 14 18 20 21 23 22 19
1 2 30 3 4 32 5 6 5 7 8 9 10 11 12 6 13 14 13 14 13 16 17 14 18 19 18 25 19 26 27 26 27 26 27 26 17 27 18 20 23 21 22 19
1 2 3 4 5 6 5 6 5 6 5 6 5 7 8 9 10 11 12 6 13 14 13 14 13 14 13 9 15 10 11 12 14 13 14 13 14 13 14 13 14 14 15 36 15
1 2 30 31 3 4 32 5 6 5 6 5 6 5 7 8 9 10 11 12 6 13 9 15 10 11 12 14 13 16 17 14 18 21 20 22 23 19
1 2 3 4 5 6 5 6 5 7 8 9 10 11 12 6 13 16 17 14 18 15 9 10 11 25 19 26 27 26 17 27 18 19 18 19 18 15 9 10 11 25 19 26 20 22 21 23 27
1 2 3 4 5 6 5 6 5 6 5 7 8 9 10 11 12 6 13 14 13 16 17 14 18 20 22 22 21 19
1 2 30 31 3 4 32 5 6 5 6 5 6 5 6 5 6 5 6 5 6 5 6 5 6 5 6 5 32 5 6 5 9 8 10 11 12 6 13 15 9 10 11 12 14 13 16 17 14 18 15 9 10 11 25 19 26 21 20 22 23 27
1 2 30 31 3 4 32 5 6 5 7 9 8 10 11 12 6 13 14 13 14 13 14 13 14 14 36 15
1 2 3 4 5 7 8 9 10 11 12 6 13 14 13 14 13 16 17 14 18 25 19 26 27 26 27 26 17 27 18 20 21 22 23 19
1 2 30 31 3 4 32 5 6 5 7 9 8 10 11 12 6 13 16 17 14 18 20 21 22 23 19
1 2 3 4 5 6 5 6 5 6 5 6 5 6 5 7 9 8 10 11 12 6 13 14 13 14 13 14 13 16 17 14 18 25 19 26 27 26 28 29 27
1 2 30 31 3 4 32 5 6 5 7 9 8 10 11 12 6 13 14 13 14 13 16 17 14 18 19 18 20 21 23 22 19
1 2 30 31 3 4 32 5 6 5 6 5 6 5 6 5 6 5 6 5 6 5 6 5 6 5 6 5 6 5 6 5 6 6 36
1 2 30 31 3 4 32 5 6 5 7 8 9 10 11 12 6 13 14 13 14 13 15 9 10 11 12 14 13 14 13 16 17
1 2 3 4 5 6 5 6 5 7 8 9 10 11 12 6 13 16 17 14 18 15 9 10 11 25 19 26 23 21 20 22 23 27
1 2 3 4 5 6 31 4 5 6 5 6 5 7 9 8 10 11 12 6 13 14 13 16 17 14 18 25 19 26 17 27 18 21 20 22 23 19
1 2 30 31 32 31 32 31 3 4 32 5 6 5 6 5 6 5 6 5 6 5 6 5 7 8 9 10 11 12 6 13 14 13 16 17 14 18 25 19 26 27 26 17 27 18 28 29 19
1 2 30 31 32 31 32 31 3 4 32 5 6 5 6 5 6 5 6 5 7 9 8 10 11 12 6 13 14 13 15 36 14
1 2 3 4 5 6 5 6 5 6 5 6 5 6 5 6 5 6 5 7 9 8 10 11 12 6 13 9 15 10 11 12 14 13 16 17 14 18 20 22 23 21 19
1 2 3 4 5 7 9 8 10 11 12 6 13 14 13 14 13 14 13 16 17 14 18 25 19 26 17 27 18 25 19 26 27 26 16 17 27 18 22 20 21 23 19
1 2 30 31 3 4 32 5 6 5 6 5 7 9 8 10 11 12 6 13 14 13 14 13 14 13 14 13 16 17 14 18 19 18 22 20 21 23 19
1 2 3 4 5 7 9 8 10 11 12 6 13 20 21 22
1 2 30 31 32 31 3 4 32 5 6 5 6 5 7 9 8 10 11 12 6 13 14 13 14 13 15 9 10 11 12 14 13 14 13 14 13 14 13 29 27
1 2 30 31 3 4 32 5 6 5 6 5 6 5 6 5 6 5 6 5 6 5 7 8 9 10 11 12 6 13 14 13 14 13 14 13 36 15 14
1 2 30 31 3 4 32 5 7 9 8 10 11 12 6 13 14 13 16 17 14 18 25 19 26 17 27 18 21 20 22 23 19
1 2 30 31 3 4 32 5 7 8 9 10 11 12 6 13 15 9 10 11 12 14 13 14 13 16 17 14 18 9 15 10 11 25 19 26 21 20 22 23 27
1 2 3 4 5 6 5 7 8 9 10 11 12 6 13 14 13 14 13 14 13 16 17 14 18 25 19 26 15 36 28 19
1 2 3 4 5 7 9 8 10 11 12 6 13 15 9 10 11 12 14 13 14 13 16 17 14 18 20 21 22 23 19
1 2 30 31 3 4 32 5 6 5 6 5 7 8 9 10 11 12 6 13 14 13 14 13 14 13 14 13 16 17 14 18 20 22 21 23 19
1 2 30 31 3 4 32 5 6 5 6 5 6 5 6 5 6 5 6 5 6 5 6 5 6 5 7 9 8 10 11 12 6 13 14 13 14 13 14 13 14 13 14 13 14 13 16 17 14 18 19 18 19 18 21 23 20 22 19
1 2 30 31 32 31 32 31 3 4 32 5 7 8 8 10 11 12 6 13 14 13 9 15 10 11 12 14 13 14 13 14 13 16 17 14 18 21 20 22 23 19
1 2 3 4 5 6 5 7 9 8 10 11 12 6 13 14 13 14 13 16 17 14 18 20 23 21 22 19
1 2 30 31 32 31 32 31 3 4 32 5 6 5 7 8 9 10 11 12 6 13 14 13 16 17 14 18 22 20 22 19
1 2 30 31 3 4 32 5 7 9 8 10 11 12 6 13 15 9 10 11 12 14 13 14 13 16 17 14 18 20 23 22 21 19
1 2 30 31 3 4 32 5 6 5 6 5 6 5 6 5 7 8 9 10 11 12 6 13 14 13 14 13 14 13 15 9 10 11 12 14 13 9 15 10 11 12 14 13 14 13 14 13 16 17 14 18 20 22 21 23 19
1 2 3 4 5 7 9 8 10 11 12 6 13 16 17 14 18 25 19 26 27 26 27 26 27 26 17 27 18 20 22 21 23 19
1 2 30 31 3 4 32 5 6 5 6 5 6 5 6 5 6 5 6 5 6 5 6 5 6 5 6 5 6 5 6 5 6 5 6 5 6 6 36 14
1 2 30 31 3 4 32 5 6 5 6 5 7 9 8 10 11 12 6 13 14 13 14 13 14 13 14 13 14 13 14 13 14 14 15 36 15
1 2 3 4 5 6 5 6 5 6 5 6 5 6 5 7 9 8 10 11 12 6 13 14 13 14 13 16 17 14 18 28 29 19
1 2 3 4 5 6 5 6 5 6 5 7 9 8 10 11 12 6 13 14 13 14 13 16 17 14 18 20 22 21 23 19
1 2 3 4 5 6 5 6 5 6 5 6 5 6 5 6 5 6 5 6 5 7 9 8 10 11 12 6 13 14 13 14 13 16 17 14 18 25 19 26 27 26 27 26 27 26 27 26 17 27 18 20 22 21 23 19
1 2 3 4 5 6 5 6 5 6 5 6 5 6 5 6 5 6 5 6 5 6 5 7 9 8 10 11 12 6 13 15 14 14
1 2 30 31 3 4 32 5 7 9 8 10 11 12 6 13 14 13 14 13 16 17 14 18 19 18 19 18 20 22 19 23 21 23 19
1 2 3 4 5 6 5 6 5 6 5 6 5 6 5 6 5 6 5 6 5 6 5 6 5 29 6
1 2 3 4 5 6 5 6 5 6 5 6 5 6 5 6 5 6 5 6 5 6 5 7 8 9 10 11 12 6 13 14 13 14 13 16 17 14 18 9 15 10 11 25 19 26 19 26 27 26 27 26 36 15 27
1 2 3 4 5 6 5 7 8 9 10 11 12 6 13 14 13 16 17 14 18 19 18 19 18 21 20 22 23 19
1 2 30 31 3 4 32 5 6 5 6 5 6 5 6 5 7 8 9 10 11 12 6 13 14 13 14 13 14 13 16 17 14 18 20 22 21 23 19
1 2 30 31 3 4 32 5 7 8 9 10 11 12 6 13 14 13 14 13 14 13 14 13 16 17 14 18 25 19 26 17 27 18 29 28 19
1 2 30 31 32 31 3 4 32 5 6 5 6 5 6 5 6 5 6 5 6 5 6 5 6 5 6 5 6 5 6 5 6 5 6 5 6 5 6 5 6 5 7 8 9 10 11 12 6 13 9 15 10 11 12 14 13 9 15 10 11 12 14 13 9 15 10 11 12 14 13 14 13 16 17 14 18 20 22 23 21 19
1 2 3 4 5 6 5 6 5 6 5 6 5 6 5 6 5 6 5 6 5 6 5 6 5 6 5 6 5 6 5 6 5 29 6
1 2 30 31 3 4 32 5 7 9 8 10 11 12 6 13 16 17 14 18 20 22 21 23 19
1 2 30 31 32 31 3 4 32 5 7 14 5 6 5 6 5 6 5 6 5 6 5 6 5 7 8 9 10 11 12 6 13 14 13 14 13 16 17 14 18 20 23 22 21 19
1 2 3 4 5 7 8 9 10 11 12 6 13 16 17 14 18 25 19 26 27 26 17 27 18 20 22 23 21 19
1 2 3 4 5 7 8 9 10 11 12 6 13 14 13 15 9 10 11 12 14 13 14 13 16 17 14 18 22 21 20 22 19
1 2 30 31 3 4 32 5 6 5 6 5 6 5 6 5 6 5 6 5 6 5 6 5 6 5 6 6 36
1 2 30 31 3 4 32 5 7 8 9 10 11 12 6 13 14 13 14 13 14 13 16 17 14 18 25 19 26 27 26 17 27 18 25 19 26 27 26 27 26 27 26 27 26 17 27 18 20 22 22 21 19
1 2 30 31 32 31 32 31 32 31 32 31 32 31 32 31 32 31 3 4 32 5 6 5 6 5 6 5 6 5 6 5 6 5 7 8 9 10 11 12 6 13 14 13 9 15 10 11 12 14 13 14 13 14 13 16 17 14 18 20 22 21 23 19
1 2 30 31 3 4 32 5 6 5 6 5 6 5 6 5 6 5 6 5 6 5 6 5 7 8 9 10 11 12 6 13 14 13 14 13 14 13 14 13 14 13 14 13 14 13 14 13 16 17 14 18 21 23 20 22 19
1 2 3 4 5 7 9 8 10 11 12 6 13 14 13 14 13 14 13 14 13 16 17 14 18 25 19 26 27 26 27 26 27 26 27 26 22 20 22 23 21 27
1 2 3 4 5 6 5 6 5 7 8 9 10 11 12 6 13 14 13 14 13 14 13 14 13 16 17 14 18 19 18 19 18 29 28 19
1 2 3 4 5 7 9 8 10 11 12 6 13 14 13 15 9 10 11 12 14 13 14 13 16 17 14 18 25 19 26 27 26 17 27 18 25 19 26 27 26 27 26 27 26 27 26 27 26 17 27 18 19 18 19 18 19 18 9 15 10 11 25 19 26 20 23 21 22 27
1 2 30 31 3 4 32 5 7 9 8 10 11 12 6 13 9 15 10 11 12 14 13 14 13 14 13 14 13 14 13 14 13 9 15 10 11 12 14 13 14 13 15 9 10 11 12 14 13 14 13 15 36 14
1 2 3 4 5 6 5 6 5 6 5 6 5 7 9 8 10 11 12 6 13 14 13 14 13 14 13 36 15 14
1 2 3 4 5 6 5 6 5 7 9 8 10 11 12 6 13 14 13 14 13 14 13 14 13 9 15 10 11 12 14 13 14 13 16 17 14 18 25 19 26 27 26 27 26 27 26 17 27 18 22 20 23 22 19
1 2 3 4 5 6 5 6 5 6 5 6 5 6 5 7 8 9 10 11 12 6 13 14 13 16 17 14 18 15 9 10 11 25 19 26 21 20 22 23 27
1 2 30 31 3 4 32 5 6 5 6 5 7 9 8 10 11 12 6 13 36 15 14 31 14
1 2 3 4 5 6 5 6 5 6 5 6 5 6 5 6 5 6 5 6 5 6 5 6 5 6 5 6 5 6 5 6 5 6 5 6 5 4 12 6 5 6 5 6 5 6 5 6 5 7 8 9 10 11 12 6 13 16 17 14 18 19 18 20 21 23 22 19
1 2 3 4 5 7 8 9 10 11 12 6 13 14 13 14 13 14 13 14 13 14 13 14 13 16 17 14 18 25 19 26 27 26 27 20 22 21 23 27
1 2 30 31 4 32 5 5 6 5 6 5 6 5 6 5 6 5 6 5 7 9 8 10 11 12 6 13 14 13 14 13 14 13 16 17 14 18 25 19 26 27 26 27 26 27 26 27 26 27 26 17 27 18 19 18 25 19 26 17 27 18 19 18 19 18 25 19 26 17 27 18 20 21 22 23 19
1 2 30 31 3 4 32 5 6 5 6 5 6 5 6 5 6 5 7 9 8 10 11 12 6 13 14 13 14 13 14 13 14 13 14 13 15 36 14
1 2 30 31 35 31 32 31 32 31 32 31 3 4 32 5 6 5 6 5 6 5 6 5 6 5 6 5 6 5 6 5 6 5 6 5 6 5 6 5 22 9 10 11 12 6 13 16 17 14 18 25 19 26 27 26 17 27 18 20 22 21 23 19
1 2 30 31 32 31 3 4 32 5 6 5 6 5 6 5 6 5 6 5 6 5 6 5 6 5 6 5 36 6
1 2 3 4 5 6 5 6 5 6 5 6 5 7 8 9 10 11 12 6 13 14 13 14 13 14 13 16 17 14 18 9 15 10 11 25 19 26 21 20 22 23 27
1 2 3 4 5 7 8 9 10 11 12 6 13 14 13 14 13 16 17 14 18 19 18 19 18 25 19 26 27 26 27 26 17 27 18 21 20 22 23 19
1 2 3 4 5 6 5 6 5 6 5 6 5 6 5 6 5 6 5 7 9 8 10 11 12 6 13 15 9 10 11 12 14 13 16 17 14 18 25 19 26 27 26 27 26 27 26 27 26 27 26 17 27 18 22 20 21 23 19
1 2 3 4 5 7 9 8 10 11 12 6 13 14 13 14 13 16 17 14 18 20 21 23 22 19
1 2 30 31 3 4 32 5 6 5 8 6 11 5 6 5 6 5 6 5 6 5 6 5 6 15 36 14
1 2 3 4 5 6 5 6 5 6 5 6 5 7 8 9 10 11 12 6 13 9 15 10 11 12 14 13 14 13 16 17 14 18 19 18 20 20 22 21 19
1 2 30 31 32 31 3 4 32 5 6 5 6 5 6 5 6 5 6 5 6 5 6 5 7 8 9 10 11 12 6 13 14 13 14 13 14 13 14 13 16 17 14 18 9 15 10 21 11 25 19 20 21 22 23
1 2 3 4 5 6 5 6 5 6 5 6 5 7 9 8 10 11 12 6 13 14 13 14 13 16 17 14 18 19 18 23 21 22 20 19
1 2 3 4 5 7 9 8 10 11 12 6 13 14 13 14 13 14 13 14 13 14 13 14 13 14 13 14 13 14 13 14 13 14 14 15 36
1 2 3 4 5 6 5 6 5 7 9 8 10 11 12 6 13 14 13 14 13 14 13 14 13 14 13 16 17 14 18 20 22 23 21 19 25
1 2 30 31 3 4 32 5 7 8 9 10 11 12 6 13 16 17 14 18 19 18 29 28 19
1 2 3 4 5 6 5 7 8 9 10 11 12 6 13 15 9 10 11 12 14 13 14 13 14 13 14 13 16 17 14 18 19 18 25 19 26 17 27 18 29 28 19
1 2 3 4 5 6 5 6 5 6 5 6 5 6 5 6 5 6 5 7 8 9 10 11 12 6 13 14 13 14 13 14 13 14 13 9 15 10 11 12 14 13 14 13 9 15 10 11 12 14 13 14 13 36 15 14
1 2 3 4 5 7 9 8 10 11 12 6 13 14 13 16 17 14 18 23 21 20 22 19
1 2 30 31 3 4 32 5 6 5 6 5 6 5 6 5 7 8 9 10 11 12 6 13 14 13 16 17 14 18 9 15 10 11 25 19 26 21 20 23 22 27
1 2 30 31 3 4 32 5 7 9 8 10 11 12 6 13 14 13 14 13 14 13 15 9 10 11 12 14 13 14 13 9 15 10 11 12 14 13 15 9 10 11 12 14 13 14 13 16 17 14 18 25 19 26 27 26 27 26 17 27 18 20 21 22 23 19
1 2 3 4 5 6 5 7 9 8 10 11 12 6 13 9 15 10 11 12 14 13 16 17 14 18 25 19 26 17 27 18 19 18 28 29 19
1 2 30 31 3 4 32 5 6 5 6 5 7 9 8 10 11 12 6 13 9 15 10 11 12 14 13 14 13 15 9 10 11 12 14 13 16 17 14 18 19 18 19 18 21 20 21 22 19
1 2 30 31 3 4 32 5 6 5 7 9 8 10 11 12 6 13 9 15 10 11 12 14 13 14 13 16 17
1 2 3 4 5 6 5 6 5 6 5 6 5 6 5 6 5 6 5 6 5 6 5 6 5 6 5 6 5 6 5 6 5 6 5 6 5 6 5 6 5 6 5 6 5 6 5 6 5 6 6 36
1 2 3 4 5 7 9 8 10 11 12 6 14 13 15 9 10 11 12 14 13 16 17 14 18 19 18 19 18 25 19 26 20 21 22 23 19
1 2 3 4 5 6 5 6 5 6 5 6 5 6 5 6 5 6 5 6 5 7 9 8 10 11 12 6 13 15 9 10 11 12 14 13 14 13 14 13 14 13 14 13 16 17 14 18 19 18 20 21 22 23 19
1 2 3 4 5 6 5 6 5 6 5 6 5 6 5 6 5 6 5 6 5 6 5 6 5 6 5 6 5 6 5 6 5 6 6 36 15
1 2 30 31 3 4 32 5 6 5 7 9 8 10 11 12 6 13 14 13 15 9 10 11 12 14 13 16 17 14 18 9 15 10 11 25 19 26 34 30 22 23 22 11 8 10 11 12 6 13 14 13 9 15 10 11 12 14 13 15 9 10 11 12 14 13 14 13 14 13 14 13 14 13 14 13 14 13 14 13 36 15 14
1 2 3 4 5 7 8 9 10 11 12 6 13 14 13 14 13 14 13 16 17 14 18 20 22 21 23 19
1 2 30 31 3 4 6 5 6 5 7 8 9 10 11 12 6 13 15 9 10 11 12 14 13 16 17 14 18 19 18 28 29 28 19
1 2 30 31 32 31 32 31 32 31 32 31 32 31 32 31 3 4 32 5 6 5 6 5 6 5 6 5 6 5 6 5 6 5 6 5 6 5 6 5 6 5 7 9 8 10 11 12 6 13 15 9 10 11 12 14 13 14 13 36 15 14
1 2 3 4 5 6 5 6 5 6 5 7 8 9 10 11 12 6 13 14 13 14 13 14 13 14 13 14 14 36 15
1 2 3 4 5 7 9 8 10 11 12 6 13 14 13 14 13 14 13 14 13 14 13 36 15 14
1 2 30 31 3 4 32 5 7 9 8 10 11 12 6 13 15 9 10 11 12 14 13 9 15 10 11 12 14 13 14 13 14 13 14 13 14 13 16 17 14 18 19 18 28 29 19
1 2 3 4 5 6 5 6 5 6 5 6 5 6 5 7 9 8 10 11 12 6 13 15 9 10 11 12 14 13 14 13 14 13 14 13 36 15 14
1 2 30 31 3 4 32 5 6 5 6 5 6 5 6 5 6 5 6 5 6 5 6 5 6 5 6 5 6 5 6 5 6 6 36
1 2 3 4 5 7 8 9 10 11 12 6 13 14 13 14 13 14 13 16 17 14 18 20 22 21 23 19
1 2 3 4 5 6 5 6 5 6 5 7 8 9 10 11 12 6 13 14 13 14 13 15 36 14
1 2 30 31 3 4 32 5 6 5 6 5 7 9 8 10 11 12 6 13 14 13 14 13 9 15 10 11 12 14 13 14 13 14 13 14 13 14 13 14 14 36 15
1 2 30 31 3 4 32 5 6 5 7 8 9 10 11 12 6 13 15 9 10 11 12 14 13 14 13 16 17 14 18 29 28 19
1 2 3 4 5 6 5 6 5 6 5 6 5 6 5 6 5 6 5 6 5 6 5 6 5 6 5 6 5 29 6
1 2 3 4 5 6 5 6 5 6 5 6 5 6 5 6 5 6 5 6 5 6 5 6 5 6 5 6 5 6 5 6 5 6 5 6 5 6 5 6 5 6 5 6 6 36
1 2 3 4 5 6 5 7 8 9 10 11 12 6 13 14 13 16 17 14 18 20 22 21 23 19
1 2 30 31 3 4 32 5 7 8 9 10 11 12 6 13 14 13 9 15 10 11 12 14 13 15 9 10 11 12 14 13 14 13 16 17 14 18 19 18 25 19 26 17
1 2 3 4 5 6 5 7 8 9 10 11 12 6 13 14 13 14 13 14 13 14 13 14 13 16 17 14 18 20 22 21 23 19
1 2 3 4 5 6 5 7 9 8 10 11 12 6 13 14 13 14 13 14 13 14 13 16 17 14 18 25 19 26 27 26 27 26 17 27 18 25 19 26 17 27 18 21 20 22 23 19
1 2 30 31 32 31 32 31 32 31 32 31 32 31 32 31 32 31 32 31 3 4 32 5 6 5 7 6 5 9 8 10 11 12 6 13 9 15 10 11 12 14 13 14 13 16 17 14 18 20 23 22 21 19
1 2 30 31 3 4 32 5 7 9 8 10 11 12 6 13 14 13 14 13 14 13 14 13 14 13 16 17 14 18 28 29 19
1 2 3 4 5 6 5 6 5 7 9 8 10 11 12 6 13 14 13 14 13 14 13 14 13 14 13 14 13 14 14 36 15
1 2 30 31 3 4 32 5 6 5 6 5 6 5 6 5 7 8 9 10 11 12 6 13 14 13 14 13 14 13 14 13 16 17 14 18 20 21 22 23 19
1 2 30 31 3 4 32 5 6 5 7 9 8 10 11 12 6 13 16 17 14 18 25 19 26 27 26 27 26 17 27 18 20 21 22 23 19
1 2 30 31 32 31 3 4 32 5 6 5 6 5 6 5 6 5 6 5 6 5 6 5 6 5 6 5 6 5 6 5 6 5 6 5 6 6 36 14
1 2 30 31 3 4 32 5 6 5 7 9 8 10 11 12 6 13 14 13 14 13 16 17 14 18 19 18 25 19 26 27 26 17 27 18 19 18 19 18 19 18 20 23 21 22 19
1 2 3 4 5 6 5 6 5 6 5 7 9 8 10 11 12 6 13 14 13 14 13 14 13 16 17 14 18 29 28 19
1 2 30 31 3 4 32 5 7 9 8 10 11 12 6 13 14 13 14 13 14 13 16 17 14 18 19 18 19 18 20 22 21 23 19
1 2 30 31 3 4 32 5 7 8 9 10 11 12 6 13 14 13 9 15 10 11 12 14 13 14 13 14 13 14 13 14 13 15 36 14
1 2 3 4 5 6 5 6 5 7 8 9 10 11 12 6 13 14 13 16 17 14
1 2 3 4 5 6 5 6 5 6 5 6 5 6 5 6 5 6 5 6 5 6 5 6 6 13 14 13 14 13 14 13 16 17 14 18 36 15
1 2 30 31 3 4 32 5 7 8 9 10 11 12 6 13 14 13 16 17 14 18 19 18 21 20 22 23 19
1 2 3 4 5 6 5 7 8 9 10 11 12 6 13 14 13 16 17 14 18 19 18 19 18 9 15 10 11 25 19 26 20 23 22 21 27
1 2 3 4 5 6 5 6 5 7 9 8 10 11 12 6 13 14 13 14 13 14 13 14 14 15 36
1 2 30 31 3 4 32 31 32 5 6 5 6 5 6 5 7 8 9 10 11 12 6 13 9 15 10 11 12 14 13 14 13 16 17 14 18 25 19 26 27 26 27 26 27 26 27 26 23 20 22 23 21 27
1 2 30 31 3 4 32 5 6 5 7 8 9 10 11 12 6 13 8 14 18 14 18 25 19 26 27 26 27 26 27 26 17 27 18 20 21 23 22 19
1 2 3 4 5 7 9 8 10 11 12 6 13 15 9 10 11 12 14 13 14 13 16 17 14 18 20 21 23 22 19
1 2 3 4 5 6 5 6 5 6 5 6 5 6 5 6 5 6 5 6 5 7 8 9 10 11 12 6 13 16 17 14
1 2 3 4 5 6 5 6 5 6 5 6 5 6 5 6 5 6 5 8 9 10 11 12 6 13 14 13 16 17 14 18 25 19 26 27 26 17 27 18 21 20 22 23 19
1 2 3 4 5 7 8 9 10 11 12 6 13 14 13 14 13 16 17 14 18 25 19 26 17 27 18 28 29 19
1 2 3 4 5 6 5 6 5 6 5 7 9 8 10 11 12 6 13 9 15 10 11 12 14 13 15 36 15 14 10 11 25 19 26 27 26 27 26 27 26 27 26 27 26 27 26 27 26 27 26 27 26 17 27 18 20 21 22 23 19
1 2 30 31 3 4 32 5 6 5 6 5 6 5 6 5 7 8 9 10 11 12 6 13 14 13 14 13 16 17 14 18 25 19 26 27 26 36 15 27
1 2 3 4 5 6 5 6 5 6 5 6 5 7 9 8 10 11 12 6 13 14 13 16 17 14 18 20 23 21 22 19
1 2 30 31 3 4 32 5 7 8 9 10 11 12 6 13 14 13 9 15 10 11 12 14 13 14 13 9 15 10 11 12 14 13 14 13 9 15 10 11 12 14 13 16 17 14 18 19 18 21 23 22 20 19
1 2 30 31 3 4 32 5 6 5 7 9 8 10 11 12 6 13 14 13 14 13 15 36 14
1 2 30 31 4 32 5 6 5 7 9 8 10 11 12 6 13 14 13 14 13 16 17 14 18 21 20 22 23 19
1 2 3 4 5 7 9 8 10 11 12 6 13 9 15 10 11 12 14 13 15 9 10 11 12 14 13 14 13 14 13 14 13 14 13 16 17 14 18 20 29 19
1 2 30 31 3 4 32 5 6 5 6 5 7 8 9 10 11 12 6 13 14 13 14 13 36 15 14
1 2 30 31 3 4 32 5 6 5 6 5 6 5 6 5 6 5 6 5 6 5 6 5 6 5 7 8 9 10 11 12 6 13 15 9 10 11 12 14 13 14 13 16 17 14 18 25 19 26 27 26 27 26 27 26 17 27 18 25 19 26 27 26 17 27 18 25 19 26 27 26 17 27 18 21 20 22 23 19
1 2 30 31 3 4 32 5 6 5 6 5 6 5 6 5 6 5 6 5 6 5 6 5 6 5 6 5 6 5 6 6 36
1 2 30 31 32 31 3 4 32 5 6 5 7 9 8 10 11 12 6 13 14 13 14 13 14 13 16 17 14 18 25 19 26 27 26 27 26 17 27 18 21 20 22 23 19
1 2 30 31 3 4 32 5 6 5 7 8 9 10 11 12 6 13 9 15 10 11 12 14 13 14 13 14 13 14 13 14 13 16 17 14 18 25 19 26 27 26 27 26 27 26 27 26 9 15 10 11 25 27 26 27 26 27 26 16 17 27 18 20 22 21 23 19
1 2 30 31 3 4 32 5 6 5 7 9 8 10 11 12 6 13 14 13 14 13 14 13 16 17 14 18 15 9 10 11 25 19 26 27 26 27 26 17 27 18 22 20 21 23 19
1 2 30 31 3 4 32 5 6 5 6 5 6 5 6 5 7 8 9 10 11 12 6 13 14 13 14 13 14 13 9 15 10 11 12 14 13 14 13 14 13 14 13 16 17 14 18 25 19 26 27 26 27 26 27 26 27 26 27 26 27 26 27 26 27 26 17 27 18 22 21 23 20 19
1 2 3 4 5 7 8 9 10 11 12 6 13 14 13 14 13 14 13 16 17 14 18 25 19 26 27 26 27 26 27 26 17 27 18 28 29 19
1 2 3 4 5 7 9 8 10 11 12 6 13 16 17 14 18 19 18 19 18 21 20 23 22 19
1 2 30 31 23 31 3 4 32 5 7 8 9 10 11 12 6 13 14 13 14 13 16 17 14 18 19 18 19 18 28 29 19
1 2 30 31 3 4 32 5 6 5 6 5 6 5 6 5 7 9 8 10 11 12 6 13 14 13 14 13 14 13 15 9 10 11 12 14 13 15 9 10 11 12 14 13 15 9 10 11 12 14 13 15 9 10 11 12 14 13 14 13 9 15 10 11 12 14 13 14 13 14 13 14 13 36 15 14
1 2 3 4 5 6 5 6 5 6 5 6 5 6 5 6 5 6 5 6 5 7 8 9 10 11 12 6 13 14 13 16 17 14 18 19 18 19 18 19 18 20 22 23 21 19
1 2 3 4 5 6 5 6 5 6 5 6 5 6 5 6 5 6 5 6 5 6 5 6 5 6 5 6 5 6 5 6 5 6 6 36
1 2 30 31 32 31 32 31 3 4 32 5 7 9 8 10 11 12 6 13 14 13 15 9 10 11 12 14 13 14 13 16 17 14 18 23 20 21 22 19
1 2 3 4 5 7 8 9 10 11 12 6 13 14 13 14 13 14 13 14 13 14
1 2 30 31 3 4 32 5 7 8 9 10 11 12 6 13 14 13 14 13 14 13 15 36 14
1 2 3 4 5 6 5 6 5 6 5 6 5 7 9 8 10 11 12 6 13 14 13 16 17 14 18 18 19 18 29 28 19
1 2 30 31 3 4 32 5 6 5 6 5 6 5 6 5 6 5 6 5 6 5 6 5 6 5 6 5 6 5 6 6 36
1 2 30 31 3 4 32 5 7 8 9 10 11 12 6 13 14 13 14 13 14 13 14 13 16 17 14 18 21 20 23 22 19
1 2 30 31 3 4 32 5 7 9 8 10 11 12 6 13 14 13 14 13 14 13 14 13 14 13 14 13 36 15 14
1 2 3 4 5 6 5 7 8 9 10 11 12 6 13 14 13 16 17 14 18 25 19 26 27 26 17 27 18 23 21 20 22 19
1 2 30 31 3 4 32 5 6 5 6 5 6 5 6 5 6 5 6 5 6 5 6 5 6 5 6 5 6 5 7 9 8 10 11 12 6 13 14 13 15 9 10 11 12 14 13 14 13 16 17 14 18 20 22 21 23 19
1 2 30 31 3 4 32 5 7 9 8 10 11 12 6 13 14 13 14 13 14 13 14 13 15 36 14
1 2 30 31 3 4 32 5 6 5 7 9 8 10 11 12 6 13 14 13 14 13 16 17 14 18 19 18 19 18 21 22 20 23 19
1 2 3 4 5 6 5 7 9 8 10 11 12 6 13 14 13 16 17 14 18 9 15 10 11 25 19 26 16 17 27 18 20 22 23 21 19
1 2 3 4 5 7 9 8 10 11 12 6 13 14 13 14 13 14 13 16 17 14 18 19 18 21 22 21 20 23 19
1 2 30 31 3 4 32 5 6 5 6 5 6 5 6 5 6 5 6 5 6 5 6 5 6 5 6 5 6 5 7 9 8 10 11 12 6 13 14 13 14 13 14 13 14 13 15 36 14
1 2 3 4 5 6 5 6 5 7 8 9 10 11 12 6 13 14 13 14 13 14 13 14 13 14 13 16 17 14 18 19 18 20 22 21 23 19
1 2 30 31 3 4 32 5 6 5 6 5 6 5 6 5 7 9 8 10 11 12 6 13 14 13 14 13 16 17 14 18 19 18 19 18 19 18 20 22 21 23 19
1 2 30 31 3 4 32 5 6 5 6 5 6 5 6 5 6 5 6 5 6 5 6 5 6 5 6 5 6 5 6 5 6 5 6 5 29 6
1 2 3 4 5 6 5 6 5 6 5 6 5 6 5 6 5 7 8 9 10 11 12 6 13 14 13 14 13 16 17 14 18 29 28 19
1 2 3 4 5 6 5 7 8 9 10 11 12 6 13 16 17 14 18 28 29 19
1 2 30 31 3 4 32 5 6 5 6 5 7 8 9 10 11 12 6 13 14 13 14 13 14
1 2 3 4 5 6 5 6 5 6 5 6 5 6 5 6 5 6 5 6 5 6 5 6 5 6 5 6 5 6 6 36
1 2 30 31 3 4 32 5 6 5 6 5 6 5 6 5 6 5 6 5 6 5 6 5 6 5 7 8 9 10 11 12 6 13 9 15 10 11 12 14 13 14 13 14 13 15 36 14
1 2 30 31 32 31 3 4 32 5 6 5 7 9 8 10 11 12 6 13 15 9 10 11 12 14 13 15 9 10 11 12 14 13 14 13 16 17 14 18 28 22 21 23 20 27
1 2 30 31 3 4 32 5 6 5 6 5 6 5 6 5 6 5 6 5 6 5 6 5 6 5 6 5 6 5 6 5 6 6 5 6 5 6 5 6 5 6 5 6 5 6 5 6 5 6 5 6 5 6 5 6 5 6 5 6 5 6 5 6 5 6 5 6 5 6 5 6 5 6 5 6 5 6 5 6 5 6 5 6 5 6 5 6 5 6 5 6 5 6 5 6 36 31 32 31 32 31 3 4 32 5 6 5 6 5 6 5 6 5 6 5 6 5 6 5 6 5 6 5 6 5 6 5 6 5 29 6
1 2 30 31 3 4 32 5 6 5 6 5 6 5 6 5 6 5 6 5 6 5 6 5 6 5 6 5 6 5 7 8 9 10 11 12 6 13 14 13 14 13 14 13 16 17 14 18 25 19 26 27 26 27 26 17 27 18 21 20 22 21 23 19
1 2 30 31 3 4 32 5 6 5 6 5 6 5 6 5 6 5 6 5 7 8 9 10 11 12 6 13 14 13 14 13 14 13 14 13 16 17 14 18 20 21 22 23 19
1 2 30 31 3 4 32 5 6 5 6 5 6 5 6 5 6 5 6 5 6 5 6 5 6 5 7 8 9 10 11 12 6 13 14 13 15 9 10 11 12 14 13 14 13 14 13 14 13 14 14 15 36
1 2 3 4 5 6 5 7 8 9 10 11 12 6 13 15 9 10 11 12 14 13 9 21 23 22 11 12 14 14 26 9 36 19
1 2 3 4 5 7 8 9 10 11 12 6 13 14 13 14
1 2 30 31 3 4 32 5 7 8 9 10 11 12 6 13 15 9 10 11 12 14 13 14 13 14 13 16 17 14 18 20 22 21 23 19
1 2 3 4 5 6 5 7 9 8 10 11 12 6 13 14 13 14 13 14 13 14 13 14 13 14 13 14 13 14 13 14 13 14 13 14 14 15 36
1 2 3 4 5 6 5 7 9 8 10 11 12 6 13 16 17 14 18 25 19 26 27 26 27 26 17 27 18 19 18 23 22 20 21 19
1 2 3 4 5 7 8 9 10 11 12 6 13 9 15 10 11 12 14 13 14 13 14
1 2 30 31 3 4 32 5 7 9 8 10 11 12 6 13 15 9 10 11 12 14 13 14 13 9 15 10 11 12 14 13 14 13 16 17 14 18 20 21 22 23 19
1 2 30 31 3 4 32 5 6 5 7 9 8 10 11 12 6 13 14 13 14 13 14 13 14 13 9 15 10 11 12 14 13 14 13 14 13 36 28 14
1 2 3 4 5 7 9 8 10 11 12 6 13 14 13 14 13 14 13 14 13 16 17 14 18 20 23 21 22 19
1 2 3 4 5 7 9 8 10 11 12 6 13 14 13 14 13 16 17 14 18 20 21 22 23 19
1 2 3 4 5 6 5 6 5 7 8 9 10 11 12 6 13 14 13 14 13 14 13 14 13 14 13 14 13 9 15 10 11 12 14 13 14 13 14 13 14 13 36 15 14
1 2 30 31 32 31 3 4 32 5 6 5 6 5 6 5 6 5 6 5 6 5 6 5 6 5 6 5 6 5 6 5 6 5 6 5 6 5 6 6 36
1 2 3 4 5 6 5 7 9 8 10 11 12 6 13 14 13 9 15 10 11 12 14 13 14 13 15 9 10 11 12 14 13 15 9 10 11 12 14 13 14 13 9 15 10 11 12 14 13 14 13 14 13 15 9 10 11 12 14 13 15 9 10 11 12 14 13 15 9 10 11 12 14 13 14 13 16 17 14 18 20 21 22 23 19
1 2 3 4 5 6 5 6 5 6 5 7 8 9 10 11 12 6 13 14 13 14 13 14 13 14 13 9 15 10 11 12 14 13 14 13 15 36 14
1 2 3 4 5 6 5 7 9 8 10 11 12 6 13 14 13 14 13 14 34 17
1 2 3 4 5 6 5 6 5 6 5 6 5 7 8 9 10 11 12 6 13 14 13 16 17 14 18 20 22 21 23 19
1 2 30 31 32 31 3 4 32 5 6 5 6 5 7 8 9 10 11 12 6 13 14 13 14 13 14 13 14 13 9 15 10 11 12 14 13 14 13 14 13
1 2 3 4 5 6 5 7 8 9 10 11 12 6 13 14 13 14 13 14 13 9 15 10 11 12 14 13 14 13 16 17 14 18 25 19 26 27 26 27 26 17 27 18 22 20 21 22 23 19
1 2 30 31 3 4 32 5 6 5 6 5 6 5 6 5 6 5 6 5 6 5 6 5 6 5 6 5 6 5 36 6
1 2 3 4 5 6 5 6 5 7 8 9 10 11 12 6 13 14 13 14 13 16 17 14 18 29 28 19
1 2 30 31 3 4 32 5 7 8 9 10 11 12 6 13 14 13 14 13 14 13 16 17 14 18 19 18 9 15 10 11 25 19 26 20 21 22 23 27
1 2 3 4 5 7 9 8 10 11 12 6 13 14 13 9 15 10 11 12 14 13 16 17 14 18 20 22 21 23 19
1 2 3 4 5 6 5 7 8 9 10 11 12 6 13 14 13 14 13 14 13 16 17 14 18 25 19 26 27 26 17 27 18 25 19 26 27 26 17 27 18 15 9 10 11 25 19 26 20 21 23 22 27
1 2 3 4 5 7 8 9 10 11 12 6 13 14 13 14 13 14 13 16 17 14 18 25 19 26 27 26 27 26 27 26 15 17 27 18 15 9 10 11 25 19 26 27 26 17 27 18 22 20 21 23 19
1 2 3 4 5 6 5 7 8 9 10 11 12 6 13 14 13 16 17 14 18 19 18 25 19 26 27 26 27 26 17 27 18 22 20 21 23 19
1 2 3 4 5 7 9 8 10 11 12 6 13 15 9 10 11 12 14 13 15 9 10 11 12 14 13 14 13 14 13 16 17 14 18 20 22 23 21 19
1 2 30 31 3 4 32 5 7 8 9 10 11 12 6 13 16 17 14 18 19 18 19 18 29 28 19
1 2 3 4 5 6 5 6 5 6 5 6 5 6 5 6 5 7 8 9 10 11 12 6 13 14 13 14 13 14 13 14 13 14 13 14 13 14 13 14 14 36 15
1 2 3 4 5 7 8 9 10 11 12 6 13 16 17 14 18 25 19 26 27 26 17 27 18 21 20 23 22 19
1 2 30 31 3 4 32 5 6 5 7 9 8 10 11 12 6 13 15 9 10 11 12 19 13 14 13 16 17 14 18 20 23 22 21 19
1 2 30 31 3 4 8 9 10 11 12 6 13 16 17 14 18 14 18 19 18 20 21 23 22 19
1 2 30 31 32 31 3 4 32 5 7 8 9 10 11 12 6 13 14 13 9 15 10 11 12 14 13 14 13 9 15 10 11 12 14 13 36 15 9 10 11 12 14 13 14 13 14 13 16 17 14 18 20 23 22 21 19
1 2 3 4 5 6 5 6 5 7 8 9 10 11 12 6 13 14 13 16 17 14 18 20 21 22 21 23
1 2 30 31 3 4 32 5 7 8 9 10 11 12 6 13 14 13 14 13 16 17 14 18 25 19 26 27 26 16 17 27 18 20 23 22 21 19
1 2 3 4 5 7 9 8 10 11 12 6 13 9 15 10 11 12 14 13 14 13 14 13 9 15 10 11 12 14 13 15 15 10 11 12 14 13 15 9 10 11 12 14 13 14 13 14 13 14 13 14 13 14 13 14 13 14 13 16 17 14 18 25 19 26 27 26 27 26 27 26 27 26 27 26 17 27 18 20 21 22 23 19
1 2 30 31 3 4 32 5 6 5 6 5 6 5 7 8 9 10 11 12 6 13 15 9 10 11 12 14 13 14 13 14 13 16 17 14 18 21 20 22 23 19
